$1;1;;12250;3874;93;0;0;0;0;0;0;0;0;291;236;0;20
$1;1;;12250;3875;92;0;0;0;0;0;0;0;0;294;236;0;17
$1;1;;12250;3877;89;0;0;0;0;0;0;0;0;291;236;1;29
$1;1;;12250;3877;90;0;0;0;0;0;0;0;0;294;236;1;16
$1;1;;12250;3877;90;0;0;0;0;0;0;0;0;291;236;2;22
$1;1;;12250;3877;89;0;0;0;0;0;0;0;0;294;236;2;27
$1;1;;12250;3878;89;0;0;0;0;0;0;0;0;294;236;3;21
$1;1;;12250;3879;89;0;0;0;0;0;0;0;0;294;236;3;20
$1;1;;12250;3879;90;0;0;0;0;0;0;0;0;294;236;4;27
$1;1;;12250;3879;90;0;0;0;0;0;0;0;0;294;236;4;27
$1;1;;12250;3881;90;0;0;0;0;0;0;0;0;294;236;5;29
$1;1;;12258;3881;89;0;0;0;0;0;0;0;0;298;237;5;16
$1;1;;12250;3881;89;0;0;0;0;0;0;0;0;294;237;6;23
$1;1;;12250;3886;89;0;0;0;0;0;0;0;0;298;238;6;19
$1;1;;12250;3888;90;0;0;0;0;0;0;0;0;298;237;7;27
$1;1;;12266;3884;89;0;0;0;0;0;0;0;0;294;237;7;22
$1;1;;12250;3884;89;0;0;0;0;0;0;0;0;298;236;8;17
$1;1;;12250;3888;89;0;0;0;0;0;0;0;0;298;236;8;29
$1;1;;12258;3888;90;0;0;0;0;0;0;0;0;301;237;9;28
$1;1;;12250;3888;89;0;0;0;0;0;0;0;0;298;236;9;28
$1;1;;12250;3886;89;0;0;0;0;0;0;0;0;298;237;10;43
$1;1;;12250;3888;90;0;0;0;0;0;0;0;0;298;237;10;45
$1;1;;12250;3886;89;0;0;0;0;0;0;0;0;301;237;11;43
$1;1;;12250;3888;89;0;0;0;0;0;0;0;0;298;237;11;36
$1;1;;12250;3886;89;0;0;0;0;0;0;0;0;301;238;12;39
$1;1;;12250;3897;90;0;0;0;0;0;0;0;0;301;237;12;32
$1;1;;12250;3888;90;0;0;0;0;0;0;0;0;301;237;13;47
$1;1;;12250;3888;90;0;0;0;0;0;0;0;0;301;237;13;47
$1;1;;12250;3888;90;0;0;0;0;0;0;0;0;301;237;14;40
$1;1;;12250;3888;89;0;0;0;0;0;0;0;0;301;237;14;32
$1;1;;12250;3888;90;0;0;0;0;0;0;0;0;303;237;15;43
$1;1;;12250;3888;90;0;0;0;0;0;0;0;0;301;237;15;41
$1;1;;12250;3888;89;0;0;0;0;0;0;0;0;303;237;16;32
$1;1;;12250;3889;89;0;0;0;0;0;0;0;0;303;237;16;33
$1;1;;12250;3891;90;0;0;0;0;0;0;0;0;303;236;17;32
$1;1;;12250;3889;89;0;0;0;0;0;0;0;0;303;236;17;33
$1;1;;12250;3891;90;0;0;0;0;0;0;0;0;303;236;18;47
$1;1;;12250;3891;90;0;0;0;0;0;0;0;0;303;236;18;47
$1;1;;12250;3891;89;0;0;0;0;0;0;0;0;303;236;19;38
$1;1;;12250;3891;90;0;0;0;0;0;0;0;0;306;236;19;43
$1;1;;12250;3891;90;0;0;0;0;0;0;0;0;303;236;20;36
$1;1;;12250;3891;90;0;0;0;0;0;0;0;0;306;236;20;33
$1;1;;12250;3891;90;0;0;0;0;0;0;0;0;303;236;21;37
$1;1;;12250;3896;89;0;0;0;0;0;0;0;0;306;236;25;43
$1;1;;12250;3895;90;0;0;0;0;0;0;0;0;306;236;26;35
$1;1;;12250;3893;89;0;0;0;0;0;0;0;0;308;236;26;35
$1;1;;12250;3893;89;0;0;0;0;0;0;0;0;306;236;27;44
$1;1;;12250;3893;89;0;0;0;0;0;0;0;0;308;237;27;35
$1;1;;12250;3893;89;0;0;0;0;0;0;0;0;308;237;28;44
$1;1;;12250;3895;89;0;0;0;0;0;0;0;0;306;237;28;36
$1;1;;12250;3897;89;0;0;0;0;0;0;0;0;308;237;29;41
$1;1;;12250;3899;89;0;0;0;0;0;0;0;0;308;237;29;39
$1;1;;12250;3897;89;0;0;0;0;0;0;0;0;306;238;30;32
$1;1;;12250;3899;89;0;0;0;0;0;0;0;0;308;238;30;32
$1;1;;12250;3897;89;0;0;0;0;0;0;0;0;306;238;31;33
$1;1;;12250;3897;89;0;0;0;0;0;0;0;0;308;238;31;47
$1;1;;12250;3897;89;0;0;0;0;0;0;0;0;306;238;32;34
$1;1;;12250;3897;89;0;0;0;0;0;0;0;0;306;238;32;34
$1;1;;12250;3897;89;0;0;0;0;0;0;0;0;308;238;33;45
$1;1;;12250;3897;89;0;0;0;0;0;0;0;0;306;238;33;35
$1;1;;12250;3897;90;0;0;0;0;0;0;0;0;308;239;34;35
$1;1;;12250;3897;89;0;0;0;0;0;0;0;0;308;238;34;42
$1;1;;12250;3899;89;0;0;0;0;0;0;0;0;306;239;35;42
$1;1;;12250;3897;89;0;0;0;0;0;0;0;0;308;239;35;42
$1;1;;12250;3899;89;0;0;0;0;0;0;0;0;308;239;36;39
$1;1;;12250;3899;89;0;0;0;0;0;0;0;0;308;239;36;39
$1;1;;12250;3908;89;0;0;0;0;0;0;0;0;308;239;37;47
$1;1;;12250;3897;90;0;0;0;0;0;0;0;0;308;239;37;32
$1;1;;12250;3899;89;0;0;0;0;0;0;0;0;308;239;38;41
$1;1;;12250;3899;90;0;0;0;0;0;0;0;0;308;238;38;32
$1;1;;12250;3899;97;0;0;0;0;0;0;0;0;308;239;39;39
$1;1;;12250;3910;86;0;0;0;0;0;0;0;0;308;239;39;39
$1;1;;12250;3908;86;0;0;0;0;0;0;0;0;310;238;40;40
$1;1;;12250;3899;90;0;0;0;0;0;0;0;0;308;238;40;47
$1;1;;12250;3899;89;0;0;0;0;0;0;0;0;308;238;41;38
$1;1;;12250;3899;90;0;0;0;0;0;0;0;0;308;239;41;47
$1;1;;12250;3899;89;0;0;0;0;0;0;0;0;308;239;42;36
$1;1;;12250;3899;90;0;0;0;0;0;0;0;0;308;239;42;44
$1;1;;12250;3899;90;0;0;0;0;0;0;0;0;308;239;43;45
$1;1;;12250;3900;90;0;0;0;0;0;0;0;0;308;239;43;44
$1;1;;12250;3899;90;0;0;0;0;0;0;0;0;308;239;44;42
$1;1;;12250;3899;90;0;0;0;0;0;0;0;0;308;239;44;42
$1;1;;12250;3899;89;0;0;0;0;0;0;0;0;308;239;45;35
$1;1;;12250;3899;89;0;0;0;0;0;0;0;0;308;239;45;35
$1;1;;12250;3900;89;0;0;0;0;0;0;0;0;310;239;46;40
$1;1;;12250;3900;89;0;0;0;0;0;0;0;0;308;239;46;33
$1;1;;12250;3900;89;0;0;0;0;0;0;0;0;308;237;47;46
$1;1;;12250;3900;89;0;0;0;0;0;0;0;0;308;236;47;47
$1;1;;12250;3902;90;0;0;0;0;0;0;0;0;308;236;48;42
$1;1;;12250;3902;89;0;0;0;0;0;0;0;0;308;236;48;34
$1;1;;12250;3902;90;0;0;0;0;0;0;0;0;308;236;49;43
$1;1;;12250;3900;90;0;0;0;0;0;0;0;0;308;235;49;42
$1;1;;12250;3907;89;0;0;0;0;0;0;0;0;310;234;50;37
$1;1;;12250;3903;89;0;0;0;0;0;0;0;0;308;234;50;40
$1;1;;12250;3903;89;0;0;0;0;0;0;0;0;310;234;51;32
$1;1;;12250;3903;89;0;0;0;0;0;0;0;0;308;235;51;40
$1;1;;12250;3903;89;0;0;0;0;0;0;0;0;308;236;52;40
$1;1;;12250;3904;89;0;0;0;0;0;0;0;0;308;236;52;47
$1;1;;12250;3904;90;0;0;0;0;0;0;0;0;310;236;53;47
$1;1;;12250;3910;90;0;0;0;0;0;0;0;0;310;236;53;42
$1;1;;12250;3904;89;0;0;0;0;0;0;0;0;308;236;54;41
$1;1;;12250;3904;90;0;0;0;0;0;0;0;0;308;236;54;33
$1;1;;12250;3904;89;0;0;0;0;0;0;0;0;310;237;55;32
$1;1;;12250;3904;89;0;0;0;0;0;0;0;0;310;237;55;32
$1;1;;12250;3904;89;0;0;0;0;0;0;0;0;310;237;56;35
$1;1;;12250;3908;89;0;0;0;0;0;0;0;0;308;237;56;38
$1;1;;12250;3906;90;0;0;0;0;0;0;0;0;310;237;57;40
$1;1;;12250;3904;89;0;0;0;0;0;0;0;0;310;237;57;34
$1;1;;12250;3908;89;0;0;0;0;0;0;0;0;308;236;58;41
$1;1;;12250;3906;89;0;0;0;0;0;0;0;0;310;236;58;46
$1;1;;12250;3904;89;0;0;0;0;0;0;0;0;310;236;59;45
$1;1;;12250;3906;90;0;0;0;0;0;0;0;0;310;236;59;39
$1;1;;12250;3906;89;0;0;0;0;0;0;0;0;310;237;60;36
$1;1;;12250;3910;89;0;0;0;0;0;0;0;0;310;237;60;35
$1;1;;12250;3907;90;0;0;0;0;0;0;0;0;310;238;61;35
$1;1;;12250;3907;90;0;0;0;0;0;0;0;0;310;237;61;44
$1;1;;12250;3907;89;0;0;0;0;0;0;0;0;310;238;62;40
$1;1;;12250;3910;89;0;0;0;0;0;0;0;0;310;238;62;46
$1;1;;12250;3908;89;0;0;0;0;0;0;0;0;310;239;63;39
$1;1;;12250;3910;89;0;0;0;0;0;0;0;0;310;239;63;46
$1;1;;12250;3908;89;0;0;0;0;0;0;0;0;310;239;64;32
$1;1;;12250;3910;89;0;0;0;0;0;0;0;0;310;237;64;39
$1;1;;12250;3910;90;0;0;0;0;0;0;0;0;310;236;65;47
$1;1;;12250;3907;89;0;0;0;0;0;0;0;0;310;236;65;33
$1;1;;12250;3910;89;0;0;0;0;0;0;0;0;310;236;66;36
$1;1;;12250;3908;89;0;0;0;0;0;0;0;0;310;235;66;46
$1;1;;12250;3910;89;0;0;0;0;0;0;0;0;313;234;67;36
$1;1;;12250;3908;89;0;0;0;0;0;0;0;0;310;234;67;46
$1;1;;12250;3910;89;0;0;0;0;0;0;0;0;310;234;68;40
$1;1;;12250;3910;89;0;0;0;0;0;0;0;0;313;234;68;43
$1;1;;12250;3910;89;0;0;0;0;0;0;0;0;310;234;69;41
$1;1;;12250;3908;89;0;0;0;0;0;0;0;0;313;234;69;35
$1;1;;12250;3899;81;0;0;0;0;0;0;0;0;310;235;70;40
$1;1;;12250;3910;94;0;0;0;0;0;0;0;0;310;236;70;47
$1;1;;12250;3910;89;0;0;0;0;0;0;0;0;310;236;71;34
$1;1;;12250;3910;89;0;0;0;0;0;0;0;0;313;236;71;33
$1;1;;12250;3910;90;0;0;0;0;0;0;0;0;313;236;72;42
$1;1;;12250;3910;89;0;0;0;0;0;0;0;0;313;236;72;34
$1;1;;12250;3910;90;0;0;0;0;0;0;0;0;310;236;73;40
$1;1;;12250;3910;90;0;0;0;0;0;0;0;0;313;236;73;43
$1;1;;12250;3910;90;0;0;0;0;0;0;0;0;313;236;74;44
$1;1;;12250;3910;90;0;0;0;0;0;0;0;0;313;236;74;44
$1;1;;12250;3910;90;0;0;0;0;0;0;0;0;310;237;75;47
$1;1;;12250;3911;89;0;0;0;0;0;0;0;0;313;237;75;37
$1;1;;12250;3913;90;0;0;0;0;0;0;0;0;310;237;76;47
$1;1;;12250;3910;89;0;0;0;0;0;0;0;0;313;238;76;40
$1;1;;12250;3913;89;0;0;0;0;0;0;0;0;313;237;77;37
$1;1;;12250;3911;89;0;0;0;0;0;0;0;0;313;237;77;39
$1;1;;12250;3913;90;0;0;0;0;0;0;0;0;310;237;78;33
$1;1;;12250;3913;89;0;0;0;0;0;0;0;0;310;237;78;41
$1;1;;12250;3914;90;0;0;0;0;0;0;0;0;313;237;79;36
$1;1;;12250;3911;89;0;0;0;0;0;0;0;0;310;237;79;42
$1;1;;12250;3914;90;0;0;0;0;0;0;0;0;313;237;80;34
$1;1;;12250;3913;89;0;0;0;0;0;0;0;0;313;237;80;45
$1;1;;12250;3913;90;0;0;0;0;0;0;0;0;310;237;81;39
$1;1;;12250;3913;90;0;0;0;0;0;0;0;0;313;237;81;36
$1;1;;12250;3911;90;0;0;0;0;0;0;0;0;310;236;82;39
$1;1;;12250;3913;89;0;0;0;0;0;0;0;0;313;236;82;46
$1;1;;12250;3913;90;0;0;0;0;0;0;0;0;313;236;83;39
$1;1;;12250;3914;89;0;0;0;0;0;0;0;0;313;235;83;43
$1;1;;12250;3914;89;0;0;0;0;0;0;0;0;313;235;84;44
$1;1;;12250;3915;90;0;0;0;0;0;0;0;0;313;234;84;36
$1;1;;12250;3915;89;0;0;0;0;0;0;0;0;313;234;85;45
$1;1;;12250;3915;89;0;0;0;0;0;0;0;0;313;234;85;45
$1;1;;12250;3917;89;0;0;0;0;0;0;0;0;310;234;86;47
$1;1;;12250;3919;89;0;0;0;0;0;0;0;0;313;234;86;34
$1;1;;12250;3917;89;0;0;0;0;0;0;0;0;313;234;87;45
$1;1;;12250;3917;89;0;0;0;0;0;0;0;0;313;234;87;45
$1;1;;12250;3917;89;0;0;0;0;0;0;0;0;313;234;88;34
$1;1;;12250;3915;89;0;0;0;0;0;0;0;0;313;234;88;32
$1;1;;12250;3919;89;0;0;0;0;0;0;0;0;313;234;89;45
$1;1;;12250;3917;89;0;0;0;0;0;0;0;0;313;234;89;35
$1;1;;12250;3917;89;0;0;0;0;0;0;0;0;313;234;90;43
$1;1;;12250;3917;89;0;0;0;0;0;0;0;0;313;234;90;43
$1;1;;12250;3919;89;0;0;0;0;0;0;0;0;313;234;91;36
$1;1;;12250;3919;89;0;0;0;0;0;0;0;0;313;234;91;36
$1;1;;12250;3919;89;0;0;0;0;0;0;0;0;313;234;92;39
$1;1;;12250;3919;89;0;0;0;0;0;0;0;0;313;234;92;39
$1;1;;12250;3919;89;0;0;0;0;0;0;0;0;313;234;93;38
$1;1;;12250;3932;89;0;0;0;0;0;0;0;0;313;235;93;46
$1;1;;12250;3919;89;0;0;0;0;0;0;0;0;313;235;94;32
$1;1;;12250;3932;90;0;0;0;0;0;0;0;0;313;235;94;33
$1;1;;12250;3921;89;0;0;0;0;0;0;0;0;313;234;95;43
$1;1;;12250;3921;89;0;0;0;0;0;0;0;0;313;234;95;43
$1;1;;12250;3921;89;0;0;0;0;0;0;0;0;313;235;96;41
$1;1;;12250;3919;90;0;0;0;0;0;0;0;0;315;235;96;44
$1;1;;12250;3932;89;0;0;0;0;0;0;0;0;313;234;97;43
$1;1;;12250;3921;90;0;0;0;0;0;0;0;0;313;235;97;32
$1;1;;12250;3919;89;0;0;0;0;0;0;0;0;313;235;98;44
$1;1;;12250;3921;89;0;0;0;0;0;0;0;0;313;235;98;39
$1;1;;12250;3921;89;0;0;0;0;0;0;0;0;313;235;99;38
$1;1;;12250;3921;89;0;0;0;0;0;0;0;0;313;235;99;38
$1;1;;12250;3930;90;0;0;0;0;0;0;0;0;313;235;100;31
$1;1;;12250;3921;89;0;0;0;0;0;0;0;0;313;234;100;22
$1;1;;12250;3921;89;0;0;0;0;0;0;0;0;313;234;101;23
$1;1;;12250;3921;89;0;0;0;0;0;0;0;0;313;234;101;23
$1;1;;12250;3921;90;0;0;0;0;0;0;0;0;313;234;102;28
$1;1;;12250;3921;89;0;0;0;0;0;0;0;0;313;233;102;19
$1;1;;12250;3921;90;0;0;0;0;0;0;0;0;313;232;103;27
$1;1;;12250;3921;89;0;0;0;0;0;0;0;0;313;231;103;16
$1;1;;12250;3924;90;0;0;0;0;0;0;0;0;313;231;104;26
$1;1;;12250;3922;89;0;0;0;0;0;0;0;0;313;231;104;20
$1;1;;12250;3922;89;0;0;0;0;0;0;0;0;313;231;105;21
$1;1;;12250;3924;89;0;0;0;0;0;0;0;0;313;232;105;16
$1;1;;12250;3922;89;0;0;0;0;0;0;0;0;313;232;106;21
$1;1;;12250;3924;90;0;0;0;0;0;0;0;0;315;233;106;28
$1;1;;12250;3924;89;0;0;0;0;0;0;0;0;315;234;107;18
$1;1;;12250;3924;90;0;0;0;0;0;0;0;0;315;234;107;26
$1;1;;12250;3924;90;0;0;0;0;0;0;0;0;315;234;108;21
$1;1;;12250;3924;89;0;0;0;0;0;0;0;0;313;234;109;26
$1;1;;12250;3925;89;0;0;0;0;0;0;0;0;313;234;109;27
$1;1;;12250;3926;90;0;0;0;0;0;0;0;0;313;234;110;24
$1;1;;12250;3926;90;0;0;0;0;0;0;0;0;315;234;110;30
$1;1;;12250;3926;90;0;0;0;0;0;0;0;0;315;234;111;31
$1;1;;12250;3926;90;0;0;0;0;0;0;0;0;313;234;111;25
$1;1;;12250;3926;89;0;0;0;0;0;0;0;0;315;234;112;20
$1;1;;12250;3926;89;0;0;0;0;0;0;0;0;315;234;112;20
$1;1;;12250;3925;89;0;0;0;0;0;0;0;0;313;234;113;16
$1;1;;12250;3926;89;0;0;0;0;0;0;0;0;313;234;113;19
$1;1;;12250;3926;89;0;0;0;0;0;0;0;0;313;234;114;20
$1;1;;12250;3930;89;0;0;0;0;0;0;0;0;315;234;114;21
$1;1;;12250;3928;89;0;0;0;0;0;0;0;0;313;234;115;27
$1;1;;12250;3929;89;0;0;0;0;0;0;0;0;313;234;115;26
$1;1;;12250;3929;89;0;0;0;0;0;0;0;0;313;234;116;25
$1;1;;12250;3929;89;0;0;0;0;0;0;0;0;315;234;116;31
$1;1;;12250;3932;89;0;0;0;0;0;0;0;0;315;235;117;21
$1;1;;12250;3932;89;0;0;0;0;0;0;0;0;315;234;117;20
$1;1;;12250;3930;89;0;0;0;0;0;0;0;0;313;235;118;30
$1;1;;12250;3930;89;0;0;0;0;0;0;0;0;313;234;118;31
$1;1;;12250;3930;90;0;0;0;0;0;0;0;0;313;234;119;22
$1;1;;12250;3930;89;0;0;0;0;0;0;0;0;315;234;119;24
$1;1;;12250;3932;89;0;0;0;0;0;0;0;0;313;234;120;22
$1;1;;12250;3930;89;0;0;0;0;0;0;0;0;313;233;120;19
$1;1;;12250;3929;89;0;0;0;0;0;0;0;0;313;232;121;27
$1;1;;12250;3932;89;0;0;0;0;0;0;0;0;313;232;121;17
$1;1;;12250;3930;89;0;0;0;0;0;0;0;0;315;231;122;21
$1;1;;12250;3932;89;0;0;0;0;0;0;0;0;313;231;122;17
$1;1;;12250;3930;89;0;0;0;0;0;0;0;0;315;231;123;20
$1;1;;12250;3932;90;0;0;0;0;0;0;0;0;313;231;123;24
$1;1;;12250;3932;89;0;0;0;0;0;0;0;0;315;231;124;17
$1;1;;12250;3940;99;0;0;0;0;0;0;0;0;313;231;124;19
$1;1;;12250;3932;84;0;0;0;0;0;0;0;0;315;232;125;30
$1;1;;12250;3939;89;0;0;0;0;0;0;0;0;313;232;125;30
$1;1;;12250;3932;90;0;0;0;0;0;0;0;0;315;232;126;24
$1;1;;12250;3932;90;0;0;0;0;0;0;0;0;315;233;126;25
$1;1;;12250;3932;90;0;0;0;0;0;0;0;0;315;234;127;31
$1;1;;12250;3932;89;0;0;0;0;0;0;0;0;313;234;127;17
$1;1;;12250;3932;90;0;0;0;0;0;0;0;0;313;234;128;22
$1;1;;12250;3932;90;0;0;0;0;0;0;0;0;315;234;128;16
$1;1;;12250;3932;89;0;0;0;0;0;0;0;0;313;234;129;31
$1;1;;12250;3932;89;0;0;0;0;0;0;0;0;315;234;129;25
$1;1;;12250;3933;89;0;0;0;0;0;0;0;0;315;234;130;16
$1;1;;12250;3935;89;0;0;0;0;0;0;0;0;313;234;130;16
$1;1;;12250;3933;89;0;0;0;0;0;0;0;0;315;234;131;17
$1;1;;12250;3935;90;0;0;0;0;0;0;0;0;315;234;131;31
$1;1;;12250;3936;90;0;0;0;0;0;0;0;0;313;234;132;25
$1;1;;12250;3935;90;0;0;0;0;0;0;0;0;315;234;132;28
$1;1;;12250;3935;90;0;0;0;0;0;0;0;0;313;234;133;27
$1;1;;12250;3936;90;0;0;0;0;0;0;0;0;315;234;133;30
$1;1;;12250;3936;90;0;0;0;0;0;0;0;0;315;234;134;25
$1;1;;12250;3936;90;0;0;0;0;0;0;0;0;315;234;134;25
$1;1;;12250;3936;90;0;0;0;0;0;0;0;0;315;234;135;24
$1;1;;12242;3936;90;0;0;0;0;0;0;0;0;315;234;135;27
$1;1;;12250;3937;90;0;0;0;0;0;0;0;0;313;234;136;28
$1;1;;12250;3936;89;0;0;0;0;0;0;0;0;313;234;136;21
$1;1;;12250;3937;90;0;0;0;0;0;0;0;0;315;234;137;27
$1;1;;12250;3937;90;0;0;0;0;0;0;0;0;315;233;137;28
$1;1;;12250;3940;89;0;0;0;0;0;0;0;0;315;232;138;26
$1;1;;12250;3941;89;0;0;0;0;0;0;0;0;313;231;138;30
$1;1;;12250;3941;89;0;0;0;0;0;0;0;0;315;231;139;25
$1;1;;12250;3939;89;0;0;0;0;0;0;0;0;315;231;139;22
$1;1;;12250;3939;89;0;0;0;0;0;0;0;0;315;231;140;24
$1;1;;12250;3939;90;0;0;0;0;0;0;0;0;313;231;140;22
$1;1;;12250;3943;90;0;0;0;0;0;0;0;0;315;231;141;28
$1;1;;12250;3940;90;0;0;0;0;0;0;0;0;315;231;141;31
$1;1;;12242;3941;89;0;0;0;0;0;0;0;0;313;231;142;16
$1;1;;12250;3954;89;0;0;0;0;0;0;0;0;313;231;142;23
$1;1;;12250;3943;89;0;0;0;0;0;0;0;0;315;231;143;22
$1;1;;12250;3941;89;0;0;0;0;0;0;0;0;315;231;143;20
$1;1;;12250;3943;89;0;0;0;0;0;0;0;0;315;231;144;17
$1;1;;12250;3943;89;0;0;0;0;0;0;0;0;315;231;144;17
$1;1;;12250;3954;91;0;0;0;0;0;0;0;0;315;231;145;31
$1;1;;12250;3941;89;0;0;0;0;0;0;0;0;313;231;145;20
$1;1;;12250;3943;89;0;0;0;0;0;0;0;0;313;231;146;21
$1;1;;12250;3941;89;0;0;0;0;0;0;0;0;315;232;146;18
$1;1;;12250;3943;89;0;0;0;0;0;0;0;0;315;232;147;17
$1;1;;12250;3941;89;0;0;0;0;0;0;0;0;313;232;147;21
$1;1;;12250;3943;89;0;0;0;0;0;0;0;0;313;233;148;25
$1;1;;12250;3943;89;0;0;0;0;0;0;0;0;315;234;148;24
$1;1;;12250;3944;90;0;0;0;0;0;0;0;0;315;234;149;22
$1;1;;12250;3943;89;0;0;0;0;0;0;0;0;315;234;149;25
$1;1;;12242;3946;90;0;0;0;0;0;0;0;0;315;234;150;31
$1;1;;12250;3944;89;0;0;0;0;0;0;0;0;315;234;150;22
$1;1;;12250;3946;90;0;0;0;0;0;0;0;0;315;234;151;29
$1;1;;12250;3946;90;0;0;0;0;0;0;0;0;315;234;151;29
$1;1;;12250;3946;90;0;0;0;0;0;0;0;0;315;234;152;30
$1;1;;12250;3944;89;0;0;0;0;0;0;0;0;313;234;152;18
$1;1;;12250;3946;90;0;0;0;0;0;0;0;0;315;234;153;31
$1;1;;12250;3946;90;0;0;0;0;0;0;0;0;315;234;153;31
$1;1;;12250;3946;90;0;0;0;0;0;0;0;0;315;234;154;24
$1;1;;12250;3947;90;0;0;0;0;0;0;0;0;315;234;154;25
$1;1;;12250;3947;89;0;0;0;0;0;0;0;0;315;234;155;16
$1;1;;12250;3948;90;0;0;0;0;0;0;0;0;313;233;155;22
$1;1;;12250;3952;90;0;0;0;0;0;0;0;0;313;232;156;31
$1;1;;12250;3950;89;0;0;0;0;0;0;0;0;315;231;156;16
$1;1;;12250;3947;89;0;0;0;0;0;0;0;0;315;231;157;23
$1;1;;12250;3950;89;0;0;0;0;0;0;0;0;315;231;157;17
$1;1;;12250;3950;89;0;0;0;0;0;0;0;0;313;231;158;24
$1;1;;12250;3952;90;0;0;0;0;0;0;0;0;315;231;158;20
$1;1;;12250;3948;89;0;0;0;0;0;0;0;0;313;231;159;16
$1;1;;12250;3962;90;0;0;0;0;0;0;0;0;315;231;159;22
$1;1;;12250;3952;89;0;0;0;0;0;0;0;0;313;231;160;17
$1;1;;12250;3951;89;0;0;0;0;0;0;0;0;313;231;160;18
$1;1;;12250;3954;90;0;0;0;0;0;0;0;0;313;231;161;30
$1;1;;12250;3954;90;0;0;0;0;0;0;0;0;315;231;161;24
$1;1;;12250;3954;90;0;0;0;0;0;0;0;0;315;231;162;27
$1;1;;12250;3952;90;0;0;0;0;0;0;0;0;317;232;162;28
$1;1;;12250;3962;90;0;0;0;0;0;0;0;0;313;232;163;26
$1;1;;12250;3952;89;0;0;0;0;0;0;0;0;315;232;163;23
$1;1;;12250;3954;89;0;0;0;0;0;0;0;0;315;232;164;22
$1;1;;12250;3954;89;0;0;0;0;0;0;0;0;315;233;164;23
$1;1;;12250;3954;90;0;0;0;0;0;0;0;0;315;233;165;30
$1;1;;12250;3954;89;0;0;0;0;0;0;0;0;313;233;165;16
$1;1;;12250;3954;89;0;0;0;0;0;0;0;0;313;233;166;19
$1;1;;12250;3954;89;0;0;0;0;0;0;0;0;315;234;166;18
$1;1;;12250;3955;89;0;0;0;0;0;0;0;0;313;234;167;20
$1;1;;12250;3957;89;0;0;0;0;0;0;0;0;315;234;167;16
$1;1;;12250;3961;89;0;0;0;0;0;0;0;0;317;234;168;24
$1;1;;12250;3965;89;0;0;0;0;0;0;0;0;313;234;168;24
$1;1;;12250;3954;89;0;0;0;0;0;0;0;0;313;234;169;27
$1;1;;12250;3954;89;0;0;0;0;0;0;0;0;313;234;169;27
$1;1;;12250;3957;89;0;0;0;0;0;0;0;0;313;234;170;16
$1;1;;12250;3955;89;0;0;0;0;0;0;0;0;315;234;170;20
$1;1;;12250;3955;90;0;0;0;0;0;0;0;0;315;234;171;29
$1;1;;12250;3955;90;0;0;0;0;0;0;0;0;315;234;171;29
$1;1;;12250;3957;89;0;0;0;0;0;0;0;0;315;234;172;20
$1;1;;12250;3955;89;0;0;0;0;0;0;0;0;315;234;172;22
$1;1;;12250;3958;89;0;0;0;0;0;0;0;0;315;234;173;26
$1;1;;12250;3959;90;0;0;0;0;0;0;0;0;315;233;173;20
$1;1;;12250;3963;89;0;0;0;0;0;0;0;0;315;232;174;19
$1;1;;12242;3959;90;0;0;0;0;0;0;0;0;315;231;174;18
$1;1;;12250;3959;90;0;0;0;0;0;0;0;0;315;231;175;16
$1;1;;12250;3959;90;0;0;0;0;0;0;0;0;315;231;175;16
$1;1;;12250;3958;90;0;0;0;0;0;0;0;0;313;231;176;20
$1;1;;12250;3963;90;0;0;0;0;0;0;0;0;315;231;176;26
$1;1;;12250;3963;90;0;0;0;0;0;0;0;0;313;231;177;29
$1;1;;12250;3963;90;0;0;0;0;0;0;0;0;315;231;177;27
$1;1;;12250;3961;89;0;0;0;0;0;0;0;0;315;231;178;30
$1;1;;12250;3974;89;0;0;0;0;0;0;0;0;313;231;178;28
$1;1;;12250;3963;89;0;0;0;0;0;0;0;0;315;231;179;29
$1;1;;12250;3963;90;0;0;0;0;0;0;0;0;313;231;179;19
$1;1;;12250;3972;90;0;0;0;0;0;0;0;0;315;231;180;19
$1;1;;12250;3965;89;0;0;0;0;0;0;0;0;313;232;180;24
$1;1;;12242;3963;89;0;0;0;0;0;0;0;0;315;231;181;25
$1;1;;12250;3973;89;0;0;0;0;0;0;0;0;315;232;181;24
$1;1;;12250;3965;89;0;0;0;0;0;0;0;0;315;233;182;29
$1;1;;12250;3965;90;0;0;0;0;0;0;0;0;315;233;182;21
$1;1;;12250;3966;89;0;0;0;0;0;0;0;0;315;234;183;24
$1;1;;12250;3966;90;0;0;0;0;0;0;0;0;315;234;183;16
$1;1;;12250;3965;89;0;0;0;0;0;0;0;0;313;234;184;26
$1;1;;12250;3966;89;0;0;0;0;0;0;0;0;315;234;184;31
$1;1;;12250;3965;89;0;0;0;0;0;0;0;0;315;234;185;29
$1;1;;12250;3968;89;0;0;0;0;0;0;0;0;315;234;185;16
$1;1;;12250;3965;89;0;0;0;0;0;0;0;0;315;234;186;30
$1;1;;12250;3968;89;0;0;0;0;0;0;0;0;315;234;186;19
$1;1;;12250;3966;89;0;0;0;0;0;0;0;0;313;234;187;26
$1;1;;12250;3966;89;0;0;0;0;0;0;0;0;315;234;187;28
$1;1;;12250;3965;89;0;0;0;0;0;0;0;0;315;234;188;16
$1;1;;12250;3970;90;0;0;0;0;0;0;0;0;315;233;188;27
$1;1;;12250;3969;89;0;0;0;0;0;0;0;0;315;234;189;29
$1;1;;12250;3970;89;0;0;0;0;0;0;0;0;315;234;189;21
$1;1;;12250;3969;89;0;0;0;0;0;0;0;0;315;233;190;18
$1;1;;12250;3974;89;0;0;0;0;0;0;0;0;315;234;190;25
$1;1;;12250;3968;89;0;0;0;0;0;0;0;0;315;233;191;18
$1;1;;12250;3974;90;0;0;0;0;0;0;0;0;315;232;191;22
$1;1;;12250;3972;90;0;0;0;0;0;0;0;0;315;231;192;16
$1;1;;12250;3973;89;0;0;0;0;0;0;0;0;315;231;192;25
$1;1;;12250;3970;90;0;0;0;0;0;0;0;0;315;231;193;19
$1;1;;12250;3973;89;0;0;0;0;0;0;0;0;315;230;193;25
$1;1;;12250;3974;89;0;0;0;0;0;0;0;0;315;229;194;17
$1;1;;12250;3980;90;0;0;0;0;0;0;0;0;315;229;194;18
$1;1;;12250;3976;90;0;0;0;0;0;0;0;0;313;229;195;28
$1;1;;12250;3973;89;0;0;0;0;0;0;0;0;315;229;195;23
$1;1;;12250;3983;89;0;0;0;0;0;0;0;0;313;231;196;20
$1;1;;12250;3986;89;0;0;0;0;0;0;0;0;315;231;196;23
$1;1;;12250;3974;89;0;0;0;0;0;0;0;0;315;231;197;27
$1;1;;12250;3974;90;0;0;0;0;0;0;0;0;313;231;197;21
$1;1;;12250;3984;89;0;0;0;0;0;0;0;0;315;231;198;27
$1;1;;12250;3976;89;0;0;0;0;0;0;0;0;315;231;198;22
$1;1;;12250;3976;90;0;0;0;0;0;0;0;0;315;231;199;31
$1;1;;12250;3981;89;0;0;0;0;0;0;0;0;315;231;199;31
$1;1;;12250;3983;90;0;0;0;0;0;0;0;0;315;232;200;21
$1;1;;12250;3984;90;0;0;0;0;0;0;0;0;315;232;200;18
$1;1;;12250;3976;89;0;0;0;0;0;0;0;0;315;232;201;22
$1;1;;12250;3976;90;0;0;0;0;0;0;0;0;315;232;201;30
$1;1;;12250;3976;89;0;0;0;0;0;0;0;0;315;232;202;21
$1;1;;12250;3976;89;0;0;0;0;0;0;0;0;313;232;202;19
$1;1;;12250;3976;89;0;0;0;0;0;0;0;0;317;232;203;22
$1;1;;12250;3976;89;0;0;0;0;0;0;0;0;315;232;203;20
$1;1;;12250;3976;90;0;0;0;0;0;0;0;0;315;231;204;24
$1;1;;12250;3977;89;0;0;0;0;0;0;0;0;315;232;204;18
$1;1;;12250;3976;90;0;0;0;0;0;0;0;0;313;232;205;28
$1;1;;12250;3979;89;0;0;0;0;0;0;0;0;315;233;205;28
$1;1;;12250;3976;90;0;0;0;0;0;0;0;0;315;233;206;24
$1;1;;12250;3977;89;0;0;0;0;0;0;0;0;315;232;206;16
$1;1;;12250;3977;89;0;0;0;0;0;0;0;0;315;233;207;16
$1;1;;12250;3976;89;0;0;0;0;0;0;0;0;315;233;207;17
$1;1;;12250;3986;89;0;0;0;0;0;0;0;0;315;233;208;17
$1;1;;12250;3980;89;0;0;0;0;0;0;0;0;315;234;208;16
$1;1;;12250;3986;89;0;0;0;0;0;0;0;0;313;233;209;22
$1;1;;12250;3983;89;0;0;0;0;0;0;0;0;315;231;209;23
$1;1;;12250;3986;89;0;0;0;0;0;0;0;0;315;231;210;26
$1;1;;12250;3987;89;0;0;0;0;0;0;0;0;315;231;210;27
$1;1;;12250;3986;90;0;0;0;0;0;0;0;0;315;231;211;19
$1;1;;12250;3983;89;0;0;0;0;0;0;0;0;313;231;211;24
$1;1;;12250;3997;89;0;0;0;0;0;0;0;0;317;229;212;19
$1;1;;12250;3986;89;0;0;0;0;0;0;0;0;315;229;212;17
$1;1;;12250;3994;90;0;0;0;0;0;0;0;0;315;229;213;27
$1;1;;12250;3988;90;0;0;0;0;0;0;0;0;315;229;213;22
$1;1;;12250;3987;89;0;0;0;0;0;0;0;0;315;229;214;22
$1;1;;12250;3986;89;0;0;0;0;0;0;0;0;315;229;214;23
$1;1;;12250;3987;90;0;0;0;0;0;0;0;0;315;231;215;22
$1;1;;12250;3987;90;0;0;0;0;0;0;0;0;313;231;215;16
$1;1;;12250;3987;90;0;0;0;0;0;0;0;0;315;231;216;21
$1;1;;12250;3987;89;0;0;0;0;0;0;0;0;315;231;216;29
$1;1;;12250;3988;90;0;0;0;0;0;0;0;0;315;231;217;27
$1;1;;12250;3987;89;0;0;0;0;0;0;0;0;315;231;217;28
$1;1;;12250;3988;90;0;0;0;0;0;0;0;0;315;232;218;23
$1;1;;12250;3991;90;0;0;0;0;0;0;0;0;315;232;218;31
$1;1;;12250;3990;89;0;0;0;0;0;0;0;0;315;232;219;23
$1;1;;12250;3987;89;0;0;0;0;0;0;0;0;315;233;219;16
$1;1;;12250;3988;89;0;0;0;0;0;0;0;0;313;234;220;20
$1;1;;12250;3997;90;0;0;0;0;0;0;0;0;315;234;220;20
$1;1;;12250;3991;89;0;0;0;0;0;0;0;0;315;234;221;27
$1;1;;12250;3992;89;0;0;0;0;0;0;0;0;313;234;221;30
$1;1;;12250;3994;89;0;0;0;0;0;0;0;0;315;234;222;29
$1;1;;12250;3992;89;0;0;0;0;0;0;0;0;315;234;222;27
$1;1;;12250;3997;89;0;0;0;0;0;0;0;0;315;234;223;31
$1;1;;12250;3995;89;0;0;0;0;0;0;0;0;315;234;223;29
$1;1;;12250;3992;89;0;0;0;0;0;0;0;0;315;234;224;29
$1;1;;12250;3994;89;0;0;0;0;0;0;0;0;317;234;224;25
$1;1;;12250;3997;89;0;0;0;0;0;0;0;0;315;234;225;25
$1;1;;12250;3995;89;0;0;0;0;0;0;0;0;315;233;225;28
$1;1;;12250;3998;89;0;0;0;0;0;0;0;0;315;233;226;18
$1;1;;12250;3997;89;0;0;0;0;0;0;0;0;315;234;226;26
$1;1;;12250;3998;90;0;0;0;0;0;0;0;0;315;233;227;27
$1;1;;12250;3997;90;0;0;0;0;0;0;0;0;315;232;227;21
$1;1;;12250;3998;90;0;0;0;0;0;0;0;0;315;231;228;22
$1;1;;12250;3987;89;0;0;0;0;0;0;0;0;315;231;228;16
$1;1;;12250;4006;89;0;0;0;0;0;0;0;0;315;231;229;22
$1;1;;12250;3998;90;0;0;0;0;0;0;0;0;315;231;229;23
$1;1;;12250;3998;90;0;0;0;0;0;0;0;0;315;229;230;22
$1;1;;12250;3997;89;0;0;0;0;0;0;0;0;315;229;230;17
$1;1;;12250;4006;89;0;0;0;0;0;0;0;0;315;229;231;22
$1;1;;12250;4001;89;0;0;0;0;0;0;0;0;313;229;231;23
$1;1;;12250;4001;90;0;0;0;0;0;0;0;0;313;230;232;20
$1;1;;12250;4001;89;0;0;0;0;0;0;0;0;315;231;232;27
$1;1;;12250;3999;89;0;0;0;0;0;0;0;0;315;231;233;21
$1;1;;12250;4001;90;0;0;0;0;0;0;0;0;315;231;233;18
$1;1;;12250;3999;89;0;0;0;0;0;0;0;0;315;231;234;18
$1;1;;12250;3999;89;0;0;0;0;0;0;0;0;317;231;234;16
$1;1;;12250;4001;89;0;0;0;0;0;0;0;0;315;231;235;28
$1;1;;12250;4001;89;0;0;0;0;0;0;0;0;315;231;235;28
$1;1;;12250;4001;90;0;0;0;0;0;0;0;0;313;232;236;18
$1;1;;12250;4001;90;0;0;0;0;0;0;0;0;315;232;236;20
$1;1;;12250;4001;89;0;0;0;0;0;0;0;0;315;232;237;29
$1;1;;12250;4003;90;0;0;0;0;0;0;0;0;315;232;237;23
$1;1;;12250;4003;89;0;0;0;0;0;0;0;0;315;232;238;16
$1;1;;12250;4008;89;0;0;0;0;0;0;0;0;315;233;238;26
$1;1;;12250;4005;89;0;0;0;0;0;0;0;0;317;233;239;20
$1;1;;12250;4006;89;0;0;0;0;0;0;0;0;315;233;239;21
$1;1;;12250;4009;90;0;0;0;0;0;0;0;0;315;234;240;27
$1;1;;12250;4006;89;0;0;0;0;0;0;0;0;315;233;240;27
$1;1;;12250;4009;89;0;0;0;0;0;0;0;0;315;233;241;21
$1;1;;12250;4006;89;0;0;0;0;0;0;0;0;315;234;241;29
$1;1;;12250;4008;89;0;0;0;0;0;0;0;0;315;234;242;16
$1;1;;12250;4006;89;0;0;0;0;0;0;0;0;315;233;242;25
$1;1;;12250;4006;89;0;0;0;0;0;0;0;0;315;233;243;24
$1;1;;12250;4008;89;0;0;0;0;0;0;0;0;313;234;243;23
$1;1;;12250;4009;89;0;0;0;0;0;0;0;0;317;234;244;21
$1;1;;12250;4009;89;0;0;0;0;0;0;0;0;315;234;244;23
$1;1;;12250;4009;90;0;0;0;0;0;0;0;0;315;234;245;30
$1;1;;12250;4009;89;0;0;0;0;0;0;0;0;313;232;245;22
$1;1;;12250;4012;89;0;0;0;0;0;0;0;0;315;231;246;26
$1;1;;12250;4010;90;0;0;0;0;0;0;0;0;317;231;246;18
$1;1;;12250;4010;90;0;0;0;0;0;0;0;0;315;231;247;17
$1;1;;12250;4009;89;0;0;0;0;0;0;0;0;315;231;247;17
$1;1;;12250;4009;90;0;0;0;0;0;0;0;0;315;230;248;23
$1;1;;12250;4009;89;0;0;0;0;0;0;0;0;315;229;248;23
$1;1;;12250;4010;89;0;0;0;0;0;0;0;0;315;229;249;30
$1;1;;12250;4012;90;0;0;0;0;0;0;0;0;315;231;249;29
$1;1;;12250;4012;89;0;0;0;0;0;0;0;0;315;231;250;29
$1;1;;12250;4010;89;0;0;0;0;0;0;0;0;313;231;250;25
$1;1;;12250;4013;89;0;0;0;0;0;0;0;0;315;231;251;29
$1;1;;12250;4010;90;0;0;0;0;0;0;0;0;315;231;251;22
$1;1;;12250;4013;90;0;0;0;0;0;0;0;0;315;231;252;22
$1;1;;12250;4013;89;0;0;0;0;0;0;0;0;315;231;252;30
$1;1;;12250;4013;89;0;0;0;0;0;0;0;0;313;232;253;26
$1;1;;12250;4014;90;0;0;0;0;0;0;0;0;315;232;253;19
$1;1;;12250;4013;89;0;0;0;0;0;0;0;0;315;233;254;26
$1;1;;12250;4014;90;0;0;0;0;0;0;0;0;315;234;254;18
$1;1;;12250;4020;90;0;0;0;0;0;0;0;0;315;234;255;20
$1;1;;12250;4016;90;0;0;0;0;0;0;0;0;313;234;255;23
$1;1;;12250;4016;89;0;0;0;0;0;0;0;0;317;234;256;24
$1;1;;12250;4019;89;0;0;0;0;0;0;0;0;315;234;256;21
$1;1;;12250;4019;89;0;0;0;0;0;0;0;0;315;234;257;20
$1;1;;12250;4020;90;0;0;0;0;0;0;0;0;315;234;257;22
$1;1;;12250;4020;89;0;0;0;0;0;0;0;0;315;234;258;17
$1;1;;12250;4019;89;0;0;0;0;0;0;0;0;315;234;258;27
$1;1;;12250;4020;89;0;0;0;0;0;0;0;0;315;234;259;16
$1;1;;12250;4019;89;0;0;0;0;0;0;0;0;315;234;259;26
$1;1;;12250;4020;89;0;0;0;0;0;0;0;0;315;234;260;26
$1;1;;12250;4019;89;0;0;0;0;0;0;0;0;315;234;260;16
$1;1;;12250;4020;89;0;0;0;0;0;0;0;0;315;234;261;27
$1;1;;12250;4020;89;0;0;0;0;0;0;0;0;315;233;261;28
$1;1;;12250;4020;90;0;0;0;0;0;0;0;0;315;234;262;16
$1;1;;12250;4020;90;0;0;0;0;0;0;0;0;315;233;262;23
$1;1;;12250;4020;89;0;0;0;0;0;0;0;0;315;233;263;30
$1;1;;12250;4020;89;0;0;0;0;0;0;0;0;313;231;263;26
$1;1;;12250;4020;89;0;0;0;0;0;0;0;0;315;231;264;27
$1;1;;12250;4021;90;0;0;0;0;0;0;0;0;315;231;264;18
$1;1;;12250;4021;90;0;0;0;0;0;0;0;0;315;231;265;19
$1;1;;12250;4021;89;0;0;0;0;0;0;0;0;315;230;265;26
$1;1;;12250;4021;89;0;0;0;0;0;0;0;0;315;229;266;17
$1;1;;12250;4021;89;0;0;0;0;0;0;0;0;315;229;266;17
$1;1;;12250;4023;89;0;0;0;0;0;0;0;0;315;229;267;18
$1;1;;12250;4023;89;0;0;0;0;0;0;0;0;315;229;267;18
$1;1;;12250;4023;89;0;0;0;0;0;0;0;0;315;229;268;29
$1;1;;12250;4023;89;0;0;0;0;0;0;0;0;315;230;268;21
$1;1;;12250;4023;89;0;0;0;0;0;0;0;0;315;231;269;21
$1;1;;12250;4025;90;0;0;0;0;0;0;0;0;315;231;269;27
$1;1;;12250;4025;90;0;0;0;0;0;0;0;0;315;231;270;19
$1;1;;12250;4025;89;0;0;0;0;0;0;0;0;315;231;270;27
$1;1;;12250;4025;90;0;0;0;0;0;0;0;0;315;231;271;18
$1;1;;12250;4025;89;0;0;0;0;0;0;0;0;315;231;271;26
$1;1;;12250;4025;89;0;0;0;0;0;0;0;0;315;231;272;25
$1;1;;12250;4025;90;0;0;0;0;0;0;0;0;317;231;272;19
$1;1;;12250;4027;89;0;0;0;0;0;0;0;0;315;231;273;26
$1;1;;12250;4031;90;0;0;0;0;0;0;0;0;315;231;273;21
$1;1;;12250;4030;89;0;0;0;0;0;0;0;0;315;231;274;27
$1;1;;12250;4030;89;0;0;0;0;0;0;0;0;315;231;274;27
$1;1;;12250;4031;89;0;0;0;0;0;0;0;0;315;231;275;27
$1;1;;12250;4028;89;0;0;0;0;0;0;0;0;315;231;275;19
$1;1;;12250;4031;89;0;0;0;0;0;0;0;0;315;231;276;24
$1;1;;12250;4030;89;0;0;0;0;0;0;0;0;315;231;276;25
$1;1;;12250;4031;89;0;0;0;0;0;0;0;0;315;231;277;25
$1;1;;12250;4030;89;0;0;0;0;0;0;0;0;315;231;277;24
$1;1;;12250;4041;98;0;0;0;0;0;0;0;0;315;231;278;17
$1;1;;12250;4042;99;0;0;0;0;0;0;0;0;315;231;278;19
$1;1;;12250;4038;89;0;0;0;0;0;0;0;0;315;231;279;30
$1;1;;12250;4031;89;0;0;0;0;0;0;0;0;315;231;279;23
$1;1;;12250;4031;89;0;0;0;0;0;0;0;0;315;231;280;17
$1;1;;12250;4031;89;0;0;0;0;0;0;0;0;315;231;280;17
$1;1;;12250;4031;90;0;0;0;0;0;0;0;0;315;231;281;24
$1;1;;12250;4031;89;0;0;0;0;0;0;0;0;315;231;281;16
$1;1;;12250;4034;90;0;0;0;0;0;0;0;0;317;229;284;19
$1;1;;12250;4035;90;0;0;0;0;0;0;0;0;315;229;285;17
$1;1;;12250;4036;90;0;0;0;0;0;0;0;0;315;229;285;18
$1;1;;12250;4036;90;0;0;0;0;0;0;0;0;315;229;286;17
$1;1;;12250;4036;90;0;0;0;0;0;0;0;0;315;229;286;17
$1;1;;12250;4036;90;0;0;0;0;0;0;0;0;315;229;287;16
$1;1;;12250;4036;89;0;0;0;0;0;0;0;0;315;229;287;24
$1;1;;12250;4039;89;0;0;0;0;0;0;0;0;315;229;288;24
$1;1;;12250;4041;89;0;0;0;0;0;0;0;0;315;229;288;23
$1;1;;12250;4039;90;0;0;0;0;0;0;0;0;315;229;289;17
$1;1;;12250;4038;89;0;0;0;0;0;0;0;0;317;229;289;26
$1;1;;12250;4041;89;0;0;0;0;0;0;0;0;315;229;290;30
$1;1;;12250;4041;89;0;0;0;0;0;0;0;0;315;229;290;30
$1;1;;12250;4042;90;0;0;0;0;0;0;0;0;315;229;291;20
$1;1;;12250;4042;89;0;0;0;0;0;0;0;0;315;229;291;28
$1;1;;12250;4041;89;0;0;0;0;0;0;0;0;315;229;292;28
$1;1;;12250;4042;89;0;0;0;0;0;0;0;0;315;229;292;31
$1;1;;12250;4042;89;0;0;0;0;0;0;0;0;315;229;293;30
$1;1;;12250;4042;89;0;0;0;0;0;0;0;0;315;229;293;30
$1;1;;12250;4049;89;0;0;0;0;0;0;0;0;315;229;294;18
$1;1;;12250;4042;90;0;0;0;0;0;0;0;0;315;229;294;17
$1;1;;12250;4042;89;0;0;0;0;0;0;0;0;315;229;295;24
$1;1;;12250;4042;90;0;0;0;0;0;0;0;0;315;229;295;16
$1;1;;12250;4042;90;0;0;0;0;0;0;0;0;315;229;296;19
$1;1;;12250;4043;89;0;0;0;0;0;0;0;0;315;229;296;26
$1;1;;12250;4043;90;0;0;0;0;0;0;0;0;315;229;297;19
$1;1;;12250;4045;90;0;0;0;0;0;0;0;0;315;229;297;21
$1;1;;12250;4046;90;0;0;0;0;0;0;0;0;315;230;298;17
$1;1;;12250;4045;89;0;0;0;0;0;0;0;0;315;230;298;26
$1;1;;12250;4043;89;0;0;0;0;0;0;0;0;315;230;299;29
$1;1;;12250;4043;89;0;0;0;0;0;0;0;0;315;229;299;21
$1;1;;12250;4046;90;0;0;0;0;0;0;0;0;315;229;300;25
$1;1;;12250;4046;89;0;0;0;0;0;0;0;0;315;229;300;17
$1;1;;12250;4047;90;0;0;0;0;0;0;0;0;315;229;301;25
$1;1;;12250;4052;89;0;0;0;0;0;0;0;0;315;229;301;21
$1;1;;12250;4049;89;0;0;0;0;0;0;0;0;315;229;302;28
$1;1;;12250;4052;89;0;0;0;0;0;0;0;0;315;229;302;22
$1;1;;12250;4050;89;0;0;0;0;0;0;0;0;315;229;303;21
$1;1;;12250;4053;89;0;0;0;0;0;0;0;0;315;229;303;22
$1;1;;12250;4053;90;0;0;0;0;0;0;0;0;315;229;304;25
$1;1;;12250;4060;89;0;0;0;0;0;0;0;0;315;229;304;17
$1;1;;12250;4053;89;0;0;0;0;0;0;0;0;315;229;305;16
$1;1;;12250;4052;89;0;0;0;0;0;0;0;0;315;229;305;17
$1;1;;12250;4053;89;0;0;0;0;0;0;0;0;315;229;306;19
$1;1;;12250;4053;90;0;0;0;0;0;0;0;0;315;229;306;27
$1;1;;12250;4053;89;0;0;0;0;0;0;0;0;315;229;307;18
$1;1;;12250;4053;89;0;0;0;0;0;0;0;0;315;229;307;18
$1;1;;12250;4053;89;0;0;0;0;0;0;0;0;315;229;308;29
$1;1;;12250;4053;89;0;0;0;0;0;0;0;0;315;229;308;29
$1;1;;12250;4063;89;0;0;0;0;0;0;0;0;315;229;309;31
$1;1;;12250;4053;90;0;0;0;0;0;0;0;0;315;229;309;20
$1;1;;12250;4053;89;0;0;0;0;0;0;0;0;315;229;310;20
$1;1;;12250;4053;89;0;0;0;0;0;0;0;0;315;231;310;29
$1;1;;12250;4054;89;0;0;0;0;0;0;0;0;315;231;311;27
$1;1;;12250;4054;89;0;0;0;0;0;0;0;0;315;231;311;27
$1;1;;12250;4056;90;0;0;0;0;0;0;0;0;315;231;312;18
$1;1;;12250;4058;90;0;0;0;0;0;0;0;0;315;230;312;29
$1;1;;12250;4057;89;0;0;0;0;0;0;0;0;315;231;313;26
$1;1;;12250;4057;90;0;0;0;0;0;0;0;0;315;230;313;19
$1;1;;12250;4064;89;0;0;0;0;0;0;0;0;315;231;314;29
$1;1;;12250;4061;89;0;0;0;0;0;0;0;0;315;231;314;24
$1;1;;12250;4063;90;0;0;0;0;0;0;0;0;315;231;315;19
$1;1;;12250;4064;89;0;0;0;0;0;0;0;0;315;231;315;28
$1;1;;12250;4064;89;0;0;0;0;0;0;0;0;315;231;316;31
$1;1;;12250;4063;90;0;0;0;0;0;0;0;0;315;231;316;16
$1;1;;12250;4064;90;0;0;0;0;0;0;0;0;315;231;317;22
$1;1;;12250;4063;89;0;0;0;0;0;0;0;0;315;231;317;25
$1;1;;12250;4064;90;0;0;0;0;0;0;0;0;315;229;318;16
$1;1;;12250;4064;89;0;0;0;0;0;0;0;0;315;229;318;24
$1;1;;12250;4064;90;0;0;0;0;0;0;0;0;315;229;319;17
$1;1;;12250;4064;89;0;0;0;0;0;0;0;0;315;229;319;25
$1;1;;12250;4064;89;0;0;0;0;0;0;0;0;315;229;320;19
$1;1;;12250;4064;89;0;0;0;0;0;0;0;0;315;229;320;19
$1;1;;12250;4064;89;0;0;0;0;0;0;0;0;315;229;321;18
$1;1;;12250;4064;90;0;0;0;0;0;0;0;0;315;229;321;26
$1;1;;12250;4064;90;0;0;0;0;0;0;0;0;315;229;322;25
$1;1;;12250;4064;89;0;0;0;0;0;0;0;0;315;229;322;17
$1;1;;12250;4064;89;0;0;0;0;0;0;0;0;315;229;323;16
$1;1;;12250;4064;89;0;0;0;0;0;0;0;0;315;229;323;16
$1;1;;12250;4071;89;0;0;0;0;0;0;0;0;315;229;324;19
$1;1;;12250;4075;89;0;0;0;0;0;0;0;0;315;229;324;23
$1;1;;12250;4074;89;0;0;0;0;0;0;0;0;315;229;325;23
$1;1;;12250;4064;89;0;0;0;0;0;0;0;0;315;230;325;30
$1;1;;12250;4064;89;0;0;0;0;0;0;0;0;315;230;326;29
$1;1;;12250;4071;89;0;0;0;0;0;0;0;0;315;230;326;25
$1;1;;12250;4064;89;0;0;0;0;0;0;0;0;315;230;327;28
$1;1;;12250;4064;90;0;0;0;0;0;0;0;0;315;231;327;21
$1;1;;12250;4067;90;0;0;0;0;0;0;0;0;315;231;328;25
$1;1;;12250;4070;90;0;0;0;0;0;0;0;0;315;231;328;31
$1;1;;12250;4068;90;0;0;0;0;0;0;0;0;315;231;329;23
$1;1;;12250;4068;89;0;0;0;0;0;0;0;0;315;231;329;31
$1;1;;12250;4071;89;0;0;0;0;0;0;0;0;315;231;330;31
$1;1;;12250;4070;90;0;0;0;0;0;0;0;0;315;231;330;22
$1;1;;12250;4074;90;0;0;0;0;0;0;0;0;315;231;331;19
$1;1;;12250;4071;89;0;0;0;0;0;0;0;0;315;231;331;30
$1;1;;12250;4072;90;0;0;0;0;0;0;0;0;315;231;332;22
$1;1;;12250;4075;89;0;0;0;0;0;0;0;0;315;231;332;25
$1;1;;12250;4072;90;0;0;0;0;0;0;0;0;315;231;333;23
$1;1;;12250;4072;90;0;0;0;0;0;0;0;0;315;231;333;23
$1;1;;12250;4082;89;0;0;0;0;0;0;0;0;315;231;334;23
$1;1;;12250;4075;90;0;0;0;0;0;0;0;0;315;230;334;22
$1;1;;12250;4075;90;0;0;0;0;0;0;0;0;315;230;335;23
$1;1;;12250;4082;89;0;0;0;0;0;0;0;0;315;229;335;31
$1;1;;12250;4075;90;0;0;0;0;0;0;0;0;315;229;336;28
$1;1;;12250;4075;89;0;0;0;0;0;0;0;0;317;229;336;22
$1;1;;12250;4075;90;0;0;0;0;0;0;0;0;315;229;337;29
$1;1;;12250;4075;89;0;0;0;0;0;0;0;0;315;228;337;20
$1;1;;12250;4075;89;0;0;0;0;0;0;0;0;315;228;338;27
$1;1;;12250;4075;90;0;0;0;0;0;0;0;0;315;227;338;28
$1;1;;12250;4075;89;0;0;0;0;0;0;0;0;315;228;339;26
$1;1;;12250;4085;89;0;0;0;0;0;0;0;0;315;228;339;21
$1;1;;12250;4074;89;0;0;0;0;0;0;0;0;315;228;340;21
$1;1;;12250;4075;89;0;0;0;0;0;0;0;0;315;228;340;20
$1;1;;12250;4086;89;0;0;0;0;0;0;0;0;317;229;341;26
$1;1;;12250;4075;90;0;0;0;0;0;0;0;0;315;229;341;28
$1;1;;12250;4075;89;0;0;0;0;0;0;0;0;315;229;342;23
$1;1;;12250;4085;89;0;0;0;0;0;0;0;0;315;229;342;24
$1;1;;12250;4079;89;0;0;0;0;0;0;0;0;315;229;343;26
$1;1;;12250;4078;89;0;0;0;0;0;0;0;0;315;229;343;27
$1;1;;12250;4079;89;0;0;0;0;0;0;0;0;315;229;344;29
$1;1;;12250;4082;89;0;0;0;0;0;0;0;0;315;229;344;25
$1;1;;12250;4082;89;0;0;0;0;0;0;0;0;315;229;345;24
$1;1;;12250;4086;89;0;0;0;0;0;0;0;0;313;229;345;26
$1;1;;12250;4081;89;0;0;0;0;0;0;0;0;315;229;346;24
$1;1;;12250;4081;89;0;0;0;0;0;0;0;0;317;229;346;26
$1;1;;12250;4076;89;0;0;0;0;0;0;0;0;317;229;347;19
$1;1;;12250;4078;89;0;0;0;0;0;0;0;0;315;229;347;31
$1;1;;12250;4086;90;0;0;0;0;0;0;0;0;317;229;348;27
$1;1;;12242;4083;90;0;0;0;0;0;0;0;0;315;229;348;31
$1;1;;12250;4083;89;0;0;0;0;0;0;0;0;315;229;349;21
$1;1;;12250;4085;90;0;0;0;0;0;0;0;0;317;229;349;25
$1;1;;12250;4082;89;0;0;0;0;0;0;0;0;315;229;350;28
$1;1;;12250;4082;90;0;0;0;0;0;0;0;0;317;229;350;22
$1;1;;12250;4085;89;0;0;0;0;0;0;0;0;317;229;351;24
$1;1;;12250;4075;89;0;0;0;0;0;0;0;0;317;229;351;23
$1;1;;12250;4083;89;0;0;0;0;0;0;0;0;313;229;352;25
$1;1;;12250;4092;89;0;0;0;0;0;0;0;0;317;229;352;29
$1;1;;12250;4083;90;0;0;0;0;0;0;0;0;317;229;353;20
$1;1;;12250;4092;89;0;0;0;0;0;0;0;0;315;229;353;30
$1;1;;12250;4097;90;0;0;0;0;0;0;0;0;315;228;354;21
$1;1;;12250;4076;90;0;0;0;0;0;0;0;0;315;228;354;26
$1;1;;12250;4086;89;0;0;0;0;0;0;0;0;315;227;355;19
$1;1;;12242;4086;89;0;0;0;0;0;0;0;0;315;226;355;17
$1;1;;12250;4086;89;0;0;0;0;0;0;0;0;315;226;356;17
$1;1;;12250;4087;89;0;0;0;0;0;0;0;0;315;226;356;16
$1;1;;12250;4086;90;0;0;0;0;0;0;0;0;317;226;357;26
$1;1;;12250;4086;89;0;0;0;0;0;0;0;0;315;226;357;16
$1;1;;12250;4087;90;0;0;0;0;0;0;0;0;313;226;358;16
$1;1;;12250;4086;90;0;0;0;0;0;0;0;0;315;227;358;22
$1;1;;12250;4086;89;0;0;0;0;0;0;0;0;317;227;359;29
$1;1;;12250;4086;90;0;0;0;0;0;0;0;0;315;226;359;22
$1;1;;12250;4087;89;0;0;0;0;0;0;0;0;315;226;360;21
$1;1;;12250;4086;90;0;0;0;0;0;0;0;0;315;228;360;18
$1;1;;12250;4087;90;0;0;0;0;0;0;0;0;313;228;361;20
$1;1;;12250;4086;89;0;0;0;0;0;0;0;0;317;229;361;24
$1;1;;12250;4087;89;0;0;0;0;0;0;0;0;313;229;362;30
$1;1;;12250;4087;90;0;0;0;0;0;0;0;0;315;229;362;16
$1;1;;12250;4089;89;0;0;0;0;0;0;0;0;315;229;363;23
$1;1;;12250;4093;89;0;0;0;0;0;0;0;0;317;229;363;30
$1;1;;12250;4092;89;0;0;0;0;0;0;0;0;315;229;364;26
$1;1;;12250;4096;89;0;0;0;0;0;0;0;0;315;229;364;30
$1;1;;12250;4092;89;0;0;0;0;0;0;0;0;317;229;365;25
$1;1;;12250;4092;89;0;0;0;0;0;0;0;0;315;229;365;27
$1;1;;12250;4092;89;0;0;0;0;0;0;0;0;315;229;366;24
$1;1;;12250;4093;89;0;0;0;0;0;0;0;0;315;229;366;25
$1;1;;12250;4092;89;0;0;0;0;0;0;0;0;315;229;367;25
$1;1;;12250;4093;89;0;0;0;0;0;0;0;0;315;229;367;24
$1;1;;12250;4097;89;0;0;0;0;0;0;0;0;315;229;368;19
$1;1;;12250;4097;89;0;0;0;0;0;0;0;0;317;229;368;17
$1;1;;12250;4107;90;0;0;0;0;0;0;0;0;315;229;369;18
$1;1;;12250;4097;90;0;0;0;0;0;0;0;0;317;229;369;24
$1;1;;12250;4097;90;0;0;0;0;0;0;0;0;315;229;370;18
$1;1;;12250;4104;90;0;0;0;0;0;0;0;0;315;229;370;25
$1;1;;12250;4086;89;0;0;0;0;0;0;0;0;315;228;371;26
$1;1;;12250;4097;90;0;0;0;0;0;0;0;0;315;228;371;18
$1;1;;12250;4096;90;0;0;0;0;0;0;0;0;315;228;372;16
$1;1;;12250;4097;90;0;0;0;0;0;0;0;0;315;226;372;31
$1;1;;12250;4097;90;0;0;0;0;0;0;0;0;315;226;373;30
$1;1;;12250;4096;90;0;0;0;0;0;0;0;0;315;226;373;31
$1;1;;12250;4103;90;0;0;0;0;0;0;0;0;313;226;374;19
$1;1;;12250;4101;89;0;0;0;0;0;0;0;0;317;226;374;29
$1;1;;12250;4096;89;0;0;0;0;0;0;0;0;315;226;375;17
$1;1;;12250;4105;90;0;0;0;0;0;0;0;0;317;226;375;16
$1;1;;12250;4101;89;0;0;0;0;0;0;0;0;315;226;376;29
$1;1;;12250;4098;89;0;0;0;0;0;0;0;0;315;226;376;28
$1;1;;12250;4098;89;0;0;0;0;0;0;0;0;315;226;377;29
$1;1;;12250;4098;89;0;0;0;0;0;0;0;0;315;226;377;29
$1;1;;12250;4100;89;0;0;0;0;0;0;0;0;315;226;378;18
$1;1;;12250;4100;89;0;0;0;0;0;0;0;0;315;226;378;18
$1;1;;12250;4098;89;0;0;0;0;0;0;0;0;315;226;379;19
$1;1;;12250;4100;89;0;0;0;0;0;0;0;0;315;228;379;29
$1;1;;12250;4101;90;0;0;0;0;0;0;0;0;317;228;380;16
$1;1;;12250;4103;90;0;0;0;0;0;0;0;0;315;228;380;16
$1;1;;12250;4101;89;0;0;0;0;0;0;0;0;315;228;381;27
$1;1;;12250;4101;89;0;0;0;0;0;0;0;0;317;229;381;24
$1;1;;12250;4107;89;0;0;0;0;0;0;0;0;317;229;382;29
$1;1;;12242;4108;89;0;0;0;0;0;0;0;0;315;229;382;19
$1;1;;12250;4105;89;0;0;0;0;0;0;0;0;317;229;383;30
$1;1;;12250;4105;89;0;0;0;0;0;0;0;0;317;229;383;30
$1;1;;12250;4104;89;0;0;0;0;0;0;0;0;317;229;384;24
$1;1;;12250;4105;89;0;0;0;0;0;0;0;0;315;229;384;27
$1;1;;12250;4105;89;0;0;0;0;0;0;0;0;315;229;385;26
$1;1;;12250;4108;89;0;0;0;0;0;0;0;0;317;229;385;21
$1;1;;12250;4108;89;0;0;0;0;0;0;0;0;315;229;386;20
$1;1;;12250;4108;89;0;0;0;0;0;0;0;0;317;229;386;22
$1;1;;12250;4118;90;0;0;0;0;0;0;0;0;315;229;387;28
$1;1;;12250;4108;90;0;0;0;0;0;0;0;0;315;229;387;29
$1;1;;12250;4108;90;0;0;0;0;0;0;0;0;317;229;388;16
$1;1;;12250;4119;90;0;0;0;0;0;0;0;0;315;229;388;18
$1;1;;12250;4108;90;0;0;0;0;0;0;0;0;313;228;389;20
$1;1;;12250;4108;89;0;0;0;0;0;0;0;0;315;228;389;26
$1;1;;12250;4108;90;0;0;0;0;0;0;0;0;315;227;390;21
$1;1;;12250;4108;90;0;0;0;0;0;0;0;0;317;226;390;22
$1;1;;12250;4116;90;0;0;0;0;0;0;0;0;315;226;391;26
$1;1;;12250;4112;90;0;0;0;0;0;0;0;0;315;226;391;30
$1;1;;12250;4111;90;0;0;0;0;0;0;0;0;315;226;392;30
$1;1;;12250;4116;90;0;0;0;0;0;0;0;0;315;226;392;25
$1;1;;12250;4112;89;0;0;0;0;0;0;0;0;315;226;393;20
$1;1;;12250;4112;90;0;0;0;0;0;0;0;0;315;226;393;28
$1;1;;12250;4112;90;0;0;0;0;0;0;0;0;315;226;394;27
$1;1;;12250;4114;89;0;0;0;0;0;0;0;0;315;226;394;21
$1;1;;12250;4112;89;0;0;0;0;0;0;0;0;315;227;395;19
$1;1;;12250;4114;89;0;0;0;0;0;0;0;0;315;228;395;26
$1;1;;12250;4116;89;0;0;0;0;0;0;0;0;315;228;396;27
$1;1;;12250;4115;89;0;0;0;0;0;0;0;0;315;228;396;24
$1;1;;12250;4119;89;0;0;0;0;0;0;0;0;315;228;397;21
$1;1;;12250;4115;89;0;0;0;0;0;0;0;0;315;228;397;25
$1;1;;12250;4119;89;0;0;0;0;0;0;0;0;315;228;398;26
$1;1;;12250;4119;89;0;0;0;0;0;0;0;0;315;228;398;26
$1;1;;12250;4118;89;0;0;0;0;0;0;0;0;315;228;399;26
$1;1;;12250;4119;90;0;0;0;0;0;0;0;0;315;228;399;19
$1;1;;12250;4119;90;0;0;0;0;0;0;0;0;315;228;400;20
$1;1;;12250;4119;89;0;0;0;0;0;0;0;0;315;228;400;28
$1;1;;12250;4119;90;0;0;0;0;0;0;0;0;315;229;401;20
$1;1;;12250;4129;90;0;0;0;0;0;0;0;0;315;229;401;23
$1;1;;12250;4119;90;0;0;0;0;0;0;0;0;315;229;402;23
$1;1;;12250;4119;89;0;0;0;0;0;0;0;0;315;229;402;31
$1;1;;12250;4120;90;0;0;0;0;0;0;0;0;315;229;403;28
$1;1;;12250;4122;90;0;0;0;0;0;0;0;0;315;229;403;30
$1;1;;12250;4122;90;0;0;0;0;0;0;0;0;315;229;404;25
$1;1;;12250;4122;89;0;0;0;0;0;0;0;0;315;229;404;17
$1;1;;12250;4123;90;0;0;0;0;0;0;0;0;315;229;405;25
$1;1;;12250;4123;89;0;0;0;0;0;0;0;0;315;229;405;17
$1;1;;12250;4125;89;0;0;0;0;0;0;0;0;315;229;406;20
$1;1;;12250;4125;89;0;0;0;0;0;0;0;0;315;229;406;20
$1;1;;12250;4125;90;0;0;0;0;0;0;0;0;315;228;407;28
$1;1;;12250;4129;89;0;0;0;0;0;0;0;0;315;228;407;24
$1;1;;12242;4129;89;0;0;0;0;0;0;0;0;315;227;408;27
$1;1;;12250;4129;89;0;0;0;0;0;0;0;0;315;226;408;25
$1;1;;12250;4130;89;0;0;0;0;0;0;0;0;315;226;409;16
$1;1;;12250;4129;89;0;0;0;0;0;0;0;0;315;226;409;24
$1;1;;12250;4130;95;0;0;0;0;0;0;0;0;315;226;410;21
$1;1;;12250;4130;91;0;0;0;0;0;0;0;0;315;226;410;17
$1;1;;12250;4141;91;0;0;0;0;0;0;0;0;315;227;411;23
$1;1;;12250;4141;91;0;0;0;0;0;0;0;0;315;228;411;24
$1;1;;12250;4130;93;0;0;0;0;0;0;0;0;317;228;412;29
$1;1;;12250;4141;95;0;0;0;0;0;0;0;0;315;229;413;31
$1;1;;12250;4141;95;0;0;0;0;0;0;0;0;315;229;413;31
$1;1;;12250;4141;94;0;0;0;0;0;0;0;0;317;229;414;27
$1;1;;12242;4141;94;0;0;0;0;0;0;0;0;315;229;414;26
$1;1;;12250;4141;93;0;0;0;0;0;0;0;0;315;229;415;31
$1;1;;12250;4141;93;0;0;0;0;0;0;0;0;315;229;415;31
$1;1;;12250;4141;92;0;0;0;0;0;0;0;0;315;229;416;29
$1;1;;12250;4141;92;0;0;0;0;0;0;0;0;315;229;416;29
$1;1;;12250;4141;91;0;0;0;0;0;0;0;0;315;229;417;31
$1;1;;12250;4141;91;0;0;0;0;0;0;0;0;315;229;417;31
$1;1;;12250;4141;90;0;0;0;0;0;0;0;0;315;229;418;17
$1;1;;12250;4141;90;0;0;0;0;0;0;0;0;315;229;418;17
$1;1;;12250;4141;89;0;0;0;0;0;0;0;0;315;229;419;24
$1;1;;12250;4141;89;0;0;0;0;0;0;0;0;315;229;419;24
$1;1;;12250;4141;88;0;0;0;0;0;0;0;0;315;229;420;19
$1;1;;12250;4141;88;0;0;0;0;0;0;0;0;315;229;420;19
$1;1;;12250;4141;87;0;0;0;0;0;0;0;0;315;229;421;29
$1;1;;12250;4141;87;0;0;0;0;0;0;0;0;315;229;421;29
$1;1;;12250;4141;86;0;0;0;0;0;0;0;0;317;229;422;29
$1;1;;12250;4141;85;0;0;0;0;0;0;0;0;315;229;422;28
$1;1;;12250;4148;85;0;0;0;0;0;0;0;0;315;229;423;20
$1;1;;12250;4152;85;0;0;0;0;0;0;0;0;315;229;423;31
$1;1;;12250;4141;83;0;0;0;0;0;0;0;0;315;229;424;28
$1;1;;12250;4147;82;0;0;0;0;0;0;0;0;313;229;424;29
$1;1;;12250;4140;80;0;0;0;0;0;0;0;0;315;229;424;30
$1;1;;12250;4140;81;0;0;0;0;0;0;0;0;317;228;425;29
$1;1;;12250;4141;81;0;0;0;0;0;0;0;0;315;228;425;30
$1;1;;12250;4141;80;0;0;0;0;0;0;0;0;315;228;426;28
$1;1;;12250;4141;81;0;0;0;0;0;0;0;0;317;227;426;16
$1;1;;12250;4149;79;0;0;0;0;0;0;0;0;315;227;427;28
$1;1;;12242;4141;81;0;0;0;0;0;0;0;0;315;226;427;17
$1;1;;12250;4140;78;0;0;0;0;0;0;0;0;315;226;428;26
$1;1;;12250;4141;76;0;0;0;0;0;0;0;0;315;227;428;20
$1;1;;12250;4140;76;0;0;0;0;0;0;0;0;317;227;428;23
$1;1;;12250;4141;74;0;0;0;0;0;0;0;0;315;228;429;24
$1;1;;12250;4148;73;0;0;0;0;0;0;0;0;315;229;429;23
$1;1;;12250;4141;69;0;0;0;0;0;0;0;0;317;229;430;31
$1;1;;12250;4141;72;0;0;0;0;0;0;0;0;315;229;430;23
$1;1;;12250;4141;69;0;0;0;0;0;0;0;0;317;229;430;31
$1;1;;12250;4141;70;0;0;0;0;0;0;0;0;315;229;431;20
$1;1;;12250;4141;67;0;0;0;0;0;0;0;0;315;229;431;18
$1;1;;12250;4141;67;0;0;0;0;0;0;0;0;315;229;432;17
$1;1;;12250;4140;71;0;0;0;0;0;0;0;0;315;229;432;23
$1;1;;12250;4141;68;0;0;0;0;0;0;0;0;315;229;432;30
$1;1;;12242;4141;66;0;0;0;0;0;0;0;0;315;229;433;18
$1;1;;12250;4141;66;0;0;0;0;0;0;0;0;317;229;433;19
$1;1;;12250;4141;66;0;0;0;0;0;0;0;0;315;229;434;22
$1;1;;12250;4141;65;0;0;0;0;0;0;0;0;317;229;434;23
$1;1;;12250;4141;65;0;0;0;0;0;0;0;0;317;229;434;23
$1;1;;12250;4141;65;0;0;0;0;0;0;0;0;315;229;435;20
$1;1;;12250;4141;64;0;0;0;0;0;0;0;0;315;229;435;21
$1;1;;12250;4141;64;0;0;0;0;0;0;0;0;315;229;435;21
$1;1;;12250;4141;63;0;0;0;0;0;0;0;0;315;229;436;17
$1;1;;12250;4141;63;0;0;0;0;0;0;0;0;315;229;436;17
$1;1;;12250;4147;62;0;0;0;0;0;0;0;0;317;229;436;20
$1;1;;12250;4141;63;0;0;0;0;0;0;0;0;317;229;437;18
$1;1;;12250;4141;62;0;0;0;0;0;0;0;0;315;229;437;17
$1;1;;12250;4141;62;0;0;0;0;0;0;0;0;315;230;437;25
$1;1;;12250;4141;61;0;0;0;0;0;0;0;0;313;230;438;19
$1;1;;12250;4141;61;0;0;0;0;0;0;0;0;315;229;438;29
$1;1;;12250;4141;61;0;0;0;0;0;0;0;0;315;229;438;29
$1;1;;12250;4141;61;0;0;0;0;0;0;0;0;315;230;439;20
$1;1;;12250;4151;59;0;0;0;0;0;0;0;0;315;229;439;22
$1;1;;12250;4141;60;0;0;0;0;0;0;0;0;315;229;439;29
$1;1;;12250;4141;60;0;0;0;0;0;0;0;0;317;229;440;17
$1;1;;12250;4141;59;0;0;0;0;0;0;0;0;315;229;440;25
$1;1;;12250;4152;58;0;0;0;0;0;0;0;0;317;229;440;24
$1;1;;12250;4148;57;0;0;0;0;0;0;0;0;317;228;441;28
$1;1;;12250;4141;58;0;0;0;0;0;0;0;0;317;228;441;26
$1;1;;12250;4141;57;0;0;0;0;0;0;0;0;315;228;441;23
$1;1;;12250;4141;55;0;0;0;0;0;0;0;0;317;229;442;21
$1;1;;12250;4141;57;0;0;0;0;0;0;0;0;315;229;442;21
$1;1;;12250;4141;55;0;0;0;0;0;0;0;0;317;229;442;21
$1;1;;12250;4140;53;0;0;0;0;0;0;0;0;317;229;443;19
$1;1;;12250;4148;55;0;0;0;0;0;0;0;0;315;229;443;31
$1;1;;12250;4148;54;0;0;0;0;0;0;0;0;317;229;443;28
$1;1;;12250;4141;53;0;0;0;0;0;0;0;0;315;229;444;23
$1;1;;12250;4141;53;0;0;0;0;0;0;0;0;315;229;444;23
$1;1;;12250;4141;53;0;0;0;0;0;0;0;0;315;228;444;22
$1;1;;12250;4141;50;0;0;0;0;0;0;0;0;317;229;444;22
$1;1;;12250;4141;50;0;0;0;0;0;0;0;0;315;229;445;21
$1;1;;12250;4141;50;0;0;0;0;0;0;0;0;317;229;445;23
$1;1;;12250;4141;49;0;0;0;0;0;0;0;0;315;229;445;29
$1;1;;12250;4151;54;0;0;0;0;0;0;0;0;317;229;446;17
$1;1;;12250;4141;46;0;0;0;0;0;0;0;0;315;229;446;17
$1;1;;12250;4141;47;0;0;0;0;0;0;0;0;315;229;446;16
$1;1;;12250;4141;45;0;0;0;0;0;0;0;0;315;229;446;18
$1;1;;12250;4141;48;0;0;0;0;0;0;0;0;315;229;447;30
$1;1;;12250;4141;45;0;0;0;0;0;0;0;0;315;229;447;19
$1;1;;12250;4148;46;0;0;0;0;0;0;0;0;317;229;447;27
$1;1;;12250;4141;47;0;0;0;0;0;0;0;0;317;229;447;19
$1;1;;12250;4141;46;0;0;0;0;0;0;0;0;315;229;448;31
$1;1;;12250;4141;47;0;0;0;0;0;0;0;0;317;229;448;28
$1;1;;12250;4141;44;0;0;0;0;0;0;0;0;315;229;448;29
$1;1;;12250;4140;45;0;0;0;0;0;0;0;0;317;229;448;31
$1;1;;12250;4141;46;0;0;0;0;0;0;0;0;315;229;449;30
$1;1;;12250;4141;44;0;0;0;0;0;0;0;0;315;229;449;28
$1;1;;12250;4141;43;0;0;0;0;0;0;0;0;317;229;449;25
$1;1;;12250;4141;44;0;0;0;0;0;0;0;0;317;229;449;30
$1;1;;12250;4141;43;0;0;0;0;0;0;0;0;315;230;450;27
$1;1;;12250;4141;44;0;0;0;0;0;0;0;0;317;231;450;31
$1;1;;12250;4141;43;0;0;0;0;0;0;0;0;315;231;450;26
$1;1;;12250;4148;49;0;0;0;0;0;0;0;0;315;231;450;25
$1;1;;12250;4141;42;0;0;0;0;0;0;0;0;315;231;451;26
$1;1;;12250;4141;42;0;0;0;0;0;0;0;0;317;231;451;24
$1;1;;12250;4140;51;0;0;0;0;0;0;0;0;317;231;451;27
$1;1;;12250;4141;41;0;0;0;0;0;0;0;0;317;231;451;27
$1;1;;12250;4141;41;0;0;0;0;0;0;0;0;317;231;452;24
$1;1;;12250;4141;42;0;0;0;0;0;0;0;0;315;231;452;25
$1;1;;12250;4141;41;0;0;0;0;0;0;0;0;315;231;452;26
$1;1;;12250;4141;41;0;0;0;0;0;0;0;0;317;231;452;24
$1;1;;12250;4141;41;0;0;0;0;0;0;0;0;315;231;453;27
$1;1;;12250;4141;41;0;0;0;0;0;0;0;0;315;231;453;27
$1;1;;12250;4141;41;0;0;0;0;0;0;0;0;315;230;453;26
$1;1;;12250;4141;40;0;0;0;0;0;0;0;0;315;229;453;19
$1;1;;12250;4141;40;0;0;0;0;0;0;0;0;317;229;454;22
$1;1;;12250;4141;40;0;0;0;0;0;0;0;0;315;229;454;20
$1;1;;12250;4141;40;0;0;0;0;0;0;0;0;315;229;454;20
$1;1;;12250;4141;40;0;0;0;0;0;0;0;0;315;229;454;20
$1;1;;12250;4141;40;0;0;0;0;0;0;0;0;317;229;454;22
$1;1;;12250;4141;39;0;0;0;0;0;0;0;0;317;229;455;25
$1;1;;12250;4141;39;0;0;0;0;0;0;0;0;315;229;455;27
$1;1;;12250;4141;39;0;0;0;0;0;0;0;0;315;229;455;27
$1;1;;12250;4141;39;0;0;0;0;0;0;0;0;315;229;455;27
$1;1;;12250;4141;39;0;0;0;0;0;0;0;0;315;229;456;24
$1;1;;12250;4141;39;0;0;0;0;0;0;0;0;315;230;456;16
$1;1;;12250;4141;39;0;0;0;0;0;0;0;0;315;230;456;16
$1;1;;12250;4141;39;0;0;0;0;0;0;0;0;317;231;456;19
$1;1;;12250;4141;39;0;0;0;0;0;0;0;0;315;231;456;17
$1;1;;12250;4141;39;0;0;0;0;0;0;0;0;315;231;457;16
$1;1;;12250;4141;38;0;0;0;0;0;0;0;0;315;231;457;17
$1;1;;12250;4141;38;0;0;0;0;0;0;0;0;317;231;457;19
$1;1;;12250;4141;38;0;0;0;0;0;0;0;0;315;231;457;17
$1;1;;12250;4141;38;0;0;0;0;0;0;0;0;315;231;457;17
$1;1;;12250;4141;38;0;0;0;0;0;0;0;0;317;231;458;28
$1;1;;12250;4141;38;0;0;0;0;0;0;0;0;317;231;458;28
$1;1;;12250;4141;38;0;0;0;0;0;0;0;0;317;231;458;28
$1;1;;12250;4141;38;0;0;0;0;0;0;0;0;315;231;458;30
$1;1;;12250;4141;38;0;0;0;0;0;0;0;0;317;231;459;29
$1;1;;12250;4141;37;0;0;0;0;0;0;0;0;317;231;459;18
$1;1;;12250;4141;37;0;0;0;0;0;0;0;0;315;231;459;16
$1;1;;12250;4141;37;0;0;0;0;0;0;0;0;317;231;459;18
$1;1;;12250;4141;37;0;0;0;0;0;0;0;0;315;231;459;16
$1;1;;12250;4140;36;0;0;0;0;0;0;0;0;317;231;460;24
$1;1;;12250;4141;37;0;0;0;0;0;0;0;0;317;231;460;24
$1;1;;12250;4140;36;0;0;0;0;0;0;0;0;315;231;460;26
$1;1;;12250;4141;37;0;0;0;0;0;0;0;0;317;231;460;24
$1;1;;12250;4140;36;0;0;0;0;0;0;0;0;317;231;460;24
$1;1;;12250;4141;36;0;0;0;0;0;0;0;0;315;231;461;26
$1;1;;12250;4141;37;0;0;0;0;0;0;0;0;315;231;461;27
$1;1;;12250;4141;35;0;0;0;0;0;0;0;0;315;231;461;25
$1;1;;12250;4149;36;0;0;0;0;0;0;0;0;317;231;461;16
$1;1;;12250;4140;35;0;0;0;0;0;0;0;0;315;231;461;24
$1;1;;12250;4141;36;0;0;0;0;0;0;0;0;317;231;462;27
$1;1;;12250;4141;35;0;0;0;0;0;0;0;0;317;231;462;24
$1;1;;12250;4141;35;0;0;0;0;0;0;0;0;317;231;462;24
$1;1;;12250;4141;36;0;0;0;0;0;0;0;0;315;231;462;25
$1;1;;12250;4149;35;0;0;0;0;0;0;0;0;317;231;462;16
$1;1;;12250;4147;35;0;0;0;0;0;0;0;0;317;231;463;31
$1;1;;12250;4141;31;0;0;0;0;0;0;0;0;317;231;463;29
$1;1;;12250;4141;33;0;0;0;0;0;0;0;0;315;231;463;29
$1;1;;12250;4141;36;0;0;0;0;0;0;0;0;317;231;463;26
$1;1;;12250;4141;35;0;0;0;0;0;0;0;0;317;231;463;25
$1;1;;12250;4140;34;0;0;0;0;0;0;0;0;317;231;464;30
$1;1;;12250;4141;36;0;0;0;0;0;0;0;0;315;231;464;31
$1;1;;12250;4141;35;0;0;0;0;0;0;0;0;317;232;464;29
$1;1;;12250;4151;35;0;0;0;0;0;0;0;0;317;231;464;31
$1;1;;12250;4141;34;0;0;0;0;0;0;0;0;317;232;464;28
$1;1;;12250;4148;35;0;0;0;0;0;0;0;0;317;231;465;22
$1;1;;12250;4141;35;0;0;0;0;0;0;0;0;315;231;465;29
$1;1;;12250;4149;33;0;0;0;0;0;0;0;0;317;231;465;17
$1;1;;12250;4141;35;0;0;0;0;0;0;0;0;317;231;465;31
$1;1;;12250;4141;33;0;0;0;0;0;0;0;0;315;231;465;27
$1;1;;12250;4141;35;0;0;0;0;0;0;0;0;317;231;466;28
$1;1;;12250;4133;32;0;0;0;0;0;0;0;0;315;231;466;28
$1;1;;12250;4141;35;0;0;0;0;0;0;0;0;317;231;466;28
$1;1;;12250;4151;34;0;0;0;0;0;0;0;0;317;231;466;28
$1;1;;12250;4141;34;0;0;0;0;0;0;0;0;317;231;466;29
$1;1;;12250;4141;35;0;0;0;0;0;0;0;0;317;231;467;29
$1;1;;12250;4141;34;0;0;0;0;0;0;0;0;317;231;467;28
$1;1;;12250;4148;32;0;0;0;0;0;0;0;0;317;231;467;19
$1;1;;12250;4140;31;0;0;0;0;0;0;0;0;317;231;467;24
$1;1;;12250;4141;34;0;0;0;0;0;0;0;0;317;231;467;28
$1;1;;12250;4140;33;0;0;0;0;0;0;0;0;317;231;467;26
$1;1;;12250;4141;34;0;0;0;0;0;0;0;0;317;231;468;19
$1;1;;12250;4141;34;0;0;0;0;0;0;0;0;317;231;468;19
$1;1;;12250;4140;30;0;0;0;0;0;0;0;0;317;231;468;22
$1;1;;12250;4141;32;0;0;0;0;0;0;0;0;317;231;468;21
$1;1;;12250;4141;28;0;0;0;0;0;0;0;0;317;231;468;30
$1;1;;12250;4141;34;0;0;0;0;0;0;0;0;317;231;469;18
$1;1;;12250;4140;30;0;0;0;0;0;0;0;0;317;231;469;23
$1;1;;12250;4141;34;0;0;0;0;0;0;0;0;317;231;469;18
$1;1;;12250;4141;34;0;0;0;0;0;0;0;0;317;232;469;17
$1;1;;12250;4141;29;0;0;0;0;0;0;0;0;317;232;469;29
$1;1;;12250;4141;30;0;0;0;0;0;0;0;0;317;232;469;21
$1;1;;12250;4141;26;0;0;0;0;0;0;0;0;317;232;470;26
$1;1;;12250;4141;34;0;0;0;0;0;0;0;0;317;232;470;25
$1;1;;12250;4141;27;0;0;0;0;0;0;0;0;317;232;470;27
$1;1;;12250;4141;28;0;0;0;0;0;0;0;0;317;232;470;20
$1;1;;12250;4141;34;0;0;0;0;0;0;0;0;317;231;470;26
$1;1;;12250;4141;26;0;0;0;0;0;0;0;0;317;232;470;26
$1;1;;12250;4141;26;0;0;0;0;0;0;0;0;317;232;471;27
$1;1;;12250;4141;26;0;0;0;0;0;0;0;0;317;232;471;27
$1;1;;12250;4141;30;0;0;0;0;0;0;0;0;317;232;471;28
$1;1;;12250;4140;31;0;0;0;0;0;0;0;0;317;232;471;28
$1;1;;12250;4141;34;0;0;0;0;0;0;0;0;317;232;471;24
$1;1;;12250;4140;34;0;0;0;0;0;0;0;0;317;232;471;25
$1;1;;12250;4152;29;0;0;0;0;0;0;0;0;317;232;472;21
$1;1;;12250;4141;26;0;0;0;0;0;0;0;0;317;232;472;24
$1;1;;12250;4140;26;0;0;0;0;0;0;0;0;317;232;472;25
$1;1;;12250;4140;27;0;0;0;0;0;0;0;0;317;232;472;24
$1;1;;12250;4151;28;0;0;0;0;0;0;0;0;317;232;472;23
$1;1;;12250;4141;27;0;0;0;0;0;0;0;0;317;232;472;25
$1;1;;12250;4141;31;0;0;0;0;0;0;0;0;317;232;472;30
$1;1;;12250;4140;33;0;0;0;0;0;0;0;0;317;232;473;28
$1;1;;12250;4141;25;0;0;0;0;0;0;0;0;317;233;473;27
$1;1;;12250;4149;28;0;0;0;0;0;0;0;0;317;233;473;30
$1;1;;12250;4141;27;0;0;0;0;0;0;0;0;317;233;473;25
$1;1;;12250;4141;25;0;0;0;0;0;0;0;0;317;232;473;26
$1;1;;12250;4140;26;0;0;0;0;0;0;0;0;317;232;473;24
$1;1;;12250;4149;28;0;0;0;0;0;0;0;0;317;232;474;24
$1;1;;12250;4141;27;0;0;0;0;0;0;0;0;317;232;474;31
$1;1;;12250;4141;34;0;0;0;0;0;0;0;0;317;232;474;29
$1;1;;12250;4149;30;0;0;0;0;0;0;0;0;317;232;474;17
$1;1;;12250;4141;25;0;0;0;0;0;0;0;0;317;232;474;29
$1;1;;12250;4141;32;0;0;0;0;0;0;0;0;317;233;474;26
$1;1;;12250;4141;26;0;0;0;0;0;0;0;0;317;233;475;30
$1;1;;12250;4141;25;0;0;0;0;0;0;0;0;317;233;475;29
$1;1;;12250;4141;25;0;0;0;0;0;0;0;0;317;232;475;28
$1;1;;12250;4141;25;0;0;0;0;0;0;0;0;317;232;475;28
$1;1;;12250;4141;25;0;0;0;0;0;0;0;0;317;232;475;28
$1;1;;12250;4141;25;0;0;0;0;0;0;0;0;317;232;475;28
$1;1;;12250;4151;32;0;0;0;0;0;0;0;0;317;233;475;26
$1;1;;12250;4141;25;0;0;0;0;0;0;0;0;317;233;476;30
$1;1;;12250;4141;25;0;0;0;0;0;0;0;0;317;233;476;30
$1;1;;12250;4141;25;0;0;0;0;0;0;0;0;317;233;476;30
$1;1;;12250;4141;28;0;0;0;0;0;0;0;0;317;232;476;18
$1;1;;12250;4141;25;0;0;0;0;0;0;0;0;317;232;476;31
$1;1;;12250;4141;26;0;0;0;0;0;0;0;0;317;232;476;28
$1;1;;12250;4141;24;0;0;0;0;0;0;0;0;317;232;476;30
$1;1;;12250;4148;26;0;0;0;0;0;0;0;0;317;231;477;23
$1;1;;12250;4140;26;0;0;0;0;0;0;0;0;317;231;477;31
$1;1;;12250;4141;27;0;0;0;0;0;0;0;0;317;231;477;31
$1;1;;12250;4141;24;0;0;0;0;0;0;0;0;317;231;477;28
$1;1;;12250;4141;25;0;0;0;0;0;0;0;0;317;231;477;29
$1;1;;12250;4149;31;0;0;0;0;0;0;0;0;317;231;477;16
$1;1;;12250;4141;24;0;0;0;0;0;0;0;0;317;231;477;28
$1;1;;12250;4141;24;0;0;0;0;0;0;0;0;317;231;478;19
$1;1;;12250;4140;24;0;0;0;0;0;0;0;0;317;232;478;17
$1;1;;12250;4141;24;0;0;0;0;0;0;0;0;317;232;478;16
$1;1;;12250;4141;24;0;0;0;0;0;0;0;0;317;231;478;19
$1;1;;12250;4141;24;0;0;0;0;0;0;0;0;317;231;478;19
$1;1;;12250;4141;27;0;0;0;0;0;0;0;0;317;232;478;19
$1;1;;12250;4141;24;0;0;0;0;0;0;0;0;317;232;478;16
$1;1;;12250;4141;24;0;0;0;0;0;0;0;0;317;232;479;17
$1;1;;12250;4141;24;0;0;0;0;0;0;0;0;317;232;479;17
$1;1;;12250;4141;24;0;0;0;0;0;0;0;0;317;232;479;17
$1;1;;12250;4141;24;0;0;0;0;0;0;0;0;317;233;479;16
$1;1;;12250;4141;29;0;0;0;0;0;0;0;0;317;233;479;29
$1;1;;12250;4140;24;0;0;0;0;0;0;0;0;317;233;479;17
$1;1;;12250;4141;25;0;0;0;0;0;0;0;0;317;234;479;22
$1;1;;12250;4149;26;0;0;0;0;0;0;0;0;317;234;480;27
$1;1;;12250;4141;25;0;0;0;0;0;0;0;0;317;234;480;16
$1;1;;12250;4141;25;0;0;0;0;0;0;0;0;317;234;480;16
$1;1;;12250;4141;25;0;0;0;0;0;0;0;0;317;234;480;16
$1;1;;12250;4141;29;0;0;0;0;0;0;0;0;317;234;480;28
$1;1;;12250;4141;24;0;0;0;0;0;0;0;0;317;234;480;17
$1;1;;12250;4141;24;0;0;0;0;0;0;0;0;317;234;480;17
$1;1;;12250;4149;26;0;0;0;0;0;0;0;0;317;234;481;26
$1;1;;12250;4141;23;0;0;0;0;0;0;0;0;317;234;481;23
$1;1;;12250;4141;23;0;0;0;0;0;0;0;0;317;234;481;23
$1;1;;12250;4141;24;0;0;0;0;0;0;0;0;317;234;481;16
$1;1;;12250;4141;24;0;0;0;0;0;0;0;0;317;234;481;16
$1;1;;12250;4141;23;0;0;0;0;0;0;0;0;317;234;481;23
$1;1;;12250;4141;28;0;0;0;0;0;0;0;0;317;234;481;28
$1;1;;12250;4141;23;0;0;0;0;0;0;0;0;317;234;482;20
$1;1;;12250;4140;24;0;0;0;0;0;0;0;0;317;234;482;18
$1;1;;12250;4141;23;0;0;0;0;0;0;0;0;317;234;482;20
$1;1;;12250;4141;24;0;0;0;0;0;0;0;0;317;234;482;19
$1;1;;12250;4140;23;0;0;0;0;0;0;0;0;317;234;482;21
$1;1;;12250;4141;26;0;0;0;0;0;0;0;0;317;234;482;17
$1;1;;12250;4141;23;0;0;0;0;0;0;0;0;317;234;482;20
$1;1;;12250;4141;23;0;0;0;0;0;0;0;0;317;234;482;20
$1;1;;12250;4141;23;0;0;0;0;0;0;0;0;317;234;483;21
$1;1;;12250;4141;23;0;0;0;0;0;0;0;0;317;234;483;21
$1;1;;12250;4141;23;0;0;0;0;0;0;0;0;317;234;483;21
$1;1;;12250;4141;23;0;0;0;0;0;0;0;0;317;234;483;21
$1;1;;12250;4141;23;0;0;0;0;0;0;0;0;317;234;483;21
$1;1;;12250;4141;23;0;0;0;0;0;0;0;0;317;234;483;21
$1;1;;12250;4141;23;0;0;0;0;0;0;0;0;317;234;483;21
$1;1;;12250;4141;23;0;0;0;0;0;0;0;0;317;234;484;18
$1;1;;12250;4141;23;0;0;0;0;0;0;0;0;317;234;484;18
$1;1;;12250;4141;23;0;0;0;0;0;0;0;0;317;234;484;18
$1;1;;12250;4141;24;0;0;0;0;0;0;0;0;320;234;484;17
$1;1;;12250;4141;22;0;0;0;0;0;0;0;0;317;234;484;19
$1;1;;12250;4141;31;0;0;0;0;0;0;0;0;317;234;484;17
$1;1;;12250;4141;23;0;0;0;0;0;0;0;0;317;234;484;18
$1;1;;12250;4141;22;0;0;0;0;0;0;0;0;320;234;484;23
$1;1;;12250;4141;23;0;0;0;0;0;0;0;0;317;234;485;19
$1;1;;12250;4141;23;0;0;0;0;0;0;0;0;317;234;485;19
$1;1;;12250;4141;22;0;0;0;0;0;0;0;0;317;235;485;19
$1;1;;12250;4141;23;0;0;0;0;0;0;0;0;317;235;485;18
$1;1;;12250;4141;22;0;0;0;0;0;0;0;0;317;234;485;18
$1;1;;12250;4141;22;0;0;0;0;0;0;0;0;320;235;485;23
$1;1;;12250;4141;23;0;0;0;0;0;0;0;0;320;235;485;22
$1;1;;12250;4141;23;0;0;0;0;0;0;0;0;317;234;485;19
$1;1;;12250;4141;22;0;0;0;0;0;0;0;0;320;234;486;21
$1;1;;12250;4141;22;0;0;0;0;0;0;0;0;317;234;486;17
$1;1;;12250;4141;23;0;0;0;0;0;0;0;0;317;234;486;16
$1;1;;12250;4141;22;0;0;0;0;0;0;0;0;317;234;486;17
$1;1;;12250;4141;22;0;0;0;0;0;0;0;0;317;234;486;17
$1;1;;12250;4141;21;0;0;0;0;0;0;0;0;317;234;486;18
$1;1;;12250;4141;21;0;0;0;0;0;0;0;0;317;234;486;18
$1;1;;12250;4141;21;0;0;0;0;0;0;0;0;317;234;486;18
$1;1;;12250;4141;22;0;0;0;0;0;0;0;0;317;234;487;16
$1;1;;12250;4141;21;0;0;0;0;0;0;0;0;317;234;487;19
$1;1;;12250;4141;22;0;0;0;0;0;0;0;0;317;234;487;16
$1;1;;12250;4141;21;0;0;0;0;0;0;0;0;317;234;487;19
$1;1;;12250;4141;21;0;0;0;0;0;0;0;0;320;234;487;23
$1;1;;12250;4141;21;0;0;0;0;0;0;0;0;317;234;487;19
$1;1;;12250;4141;21;0;0;0;0;0;0;0;0;317;234;487;19
$1;1;;12250;4141;21;0;0;0;0;0;0;0;0;317;234;487;19
$1;1;;12250;4141;21;0;0;0;0;0;0;0;0;320;234;488;24
$1;1;;12250;4141;21;0;0;0;0;0;0;0;0;320;234;488;24
$1;1;;12250;4141;21;0;0;0;0;0;0;0;0;320;234;488;24
$1;1;;12250;4141;21;0;0;0;0;0;0;0;0;320;234;488;24
$1;1;;12250;4141;21;0;0;0;0;0;0;0;0;320;234;488;24
$1;1;;12250;4141;21;0;0;0;0;0;0;0;0;320;234;488;24
$1;1;;12250;4141;21;0;0;0;0;0;0;0;0;320;234;488;24
$1;1;;12250;4141;21;0;0;0;0;0;0;0;0;317;235;488;29
$1;1;;12250;4141;21;0;0;0;0;0;0;0;0;317;235;489;28
$1;1;;12250;4141;21;0;0;0;0;0;0;0;0;317;236;489;31
$1;1;;12250;4141;21;0;0;0;0;0;0;0;0;317;235;489;28
$1;1;;12250;4141;21;0;0;0;0;0;0;0;0;320;236;489;27
$1;1;;12250;4151;20;0;0;0;0;0;0;0;0;317;236;489;31
$1;1;;12250;4141;20;0;0;0;0;0;0;0;0;317;235;489;29
$1;1;;12250;4141;21;0;0;0;0;0;0;0;0;320;236;489;27
$1;1;;12250;4141;20;0;0;0;0;0;0;0;0;320;236;489;26
$1;1;;12250;4141;20;0;0;0;0;0;0;0;0;320;236;489;26
$1;1;;12250;4141;20;0;0;0;0;0;0;0;0;320;236;490;18
$1;1;;12250;4141;20;0;0;0;0;0;0;0;0;322;236;490;16
$1;1;;12250;4141;20;0;0;0;0;0;0;0;0;320;236;490;18
$1;1;;12250;4141;20;0;0;0;0;0;0;0;0;322;236;490;16
$1;1;;12250;4141;20;0;0;0;0;0;0;0;0;322;236;490;16
$1;1;;12250;4141;20;0;0;0;0;0;0;0;0;322;236;490;16
$1;1;;12250;4141;20;0;0;0;0;0;0;0;0;320;236;490;18
$1;1;;12250;4141;20;0;0;0;0;0;0;0;0;320;236;490;18
$1;1;;12250;4141;20;0;0;0;0;0;0;0;0;322;236;491;17
$1;1;;12250;4141;19;0;0;0;0;0;0;0;0;322;236;491;27
$1;1;;12250;4141;20;0;0;0;0;0;0;0;0;320;236;491;19
$1;1;;12250;4141;20;0;0;0;0;0;0;0;0;322;236;491;17
$1;1;;12250;4141;20;0;0;0;0;0;0;0;0;320;236;491;19
$1;1;;12250;4149;19;0;0;0;0;0;0;0;0;320;236;491;17
$1;1;;12250;4141;20;0;0;0;0;0;0;0;0;320;236;491;19
$1;1;;12250;4141;20;0;0;0;0;0;0;0;0;320;236;491;19
$1;1;;12250;4152;20;0;0;0;0;0;0;0;0;325;236;491;20
$1;1;;12250;4141;20;0;0;0;0;0;0;0;0;322;236;492;18
$1;1;;12250;4141;20;0;0;0;0;0;0;0;0;322;236;492;18
$1;1;;12250;4141;20;0;0;0;0;0;0;0;0;322;236;492;18
$1;1;;12250;4141;19;0;0;0;0;0;0;0;0;322;236;492;24
$1;1;;12250;4141;20;0;0;0;0;0;0;0;0;325;236;492;21
$1;1;;12250;4141;20;0;0;0;0;0;0;0;0;325;236;492;21
$1;1;;12250;4141;19;0;0;0;0;0;0;0;0;320;236;492;26
$1;1;;12250;4141;19;0;0;0;0;0;0;0;0;320;236;492;26
$1;1;;12250;4141;19;0;0;0;0;0;0;0;0;322;236;492;24
$1;1;;12250;4141;19;0;0;0;0;0;0;0;0;322;236;493;25
$1;1;;12250;4141;19;0;0;0;0;0;0;0;0;322;236;493;25
$1;1;;12250;4141;19;0;0;0;0;0;0;0;0;322;236;493;25
$1;1;;12250;4141;18;0;0;0;0;0;0;0;0;320;236;493;26
$1;1;;12250;4149;19;0;0;0;0;0;0;0;0;322;237;493;16
$1;1;;12250;4141;19;0;0;0;0;0;0;0;0;325;237;493;31
$1;1;;12250;4141;19;0;0;0;0;0;0;0;0;322;237;493;24
$1;1;;12250;4141;19;0;0;0;0;0;0;0;0;322;237;493;24
$1;1;;12250;4141;19;0;0;0;0;0;0;0;0;322;236;493;25
$1;1;;12250;4141;18;0;0;0;0;0;0;0;0;325;237;494;25
$1;1;;12250;4140;17;0;0;0;0;0;0;0;0;320;236;494;19
$1;1;;12250;4141;19;0;0;0;0;0;0;0;0;325;236;494;25
$1;1;;12250;4141;19;0;0;0;0;0;0;0;0;322;236;494;30
$1;1;;12250;4141;19;0;0;0;0;0;0;0;0;325;236;494;25
$1;1;;12250;4141;19;0;0;0;0;0;0;0;0;325;236;494;25
$1;1;;12250;4141;19;0;0;0;0;0;0;0;0;325;237;494;24
$1;1;;12250;4141;19;0;0;0;0;0;0;0;0;325;236;494;25
$1;1;;12250;4141;19;0;0;0;0;0;0;0;0;322;236;494;30
$1;1;;12250;4141;18;0;0;0;0;0;0;0;0;322;236;494;31
$1;1;;12250;4141;19;0;0;0;0;0;0;0;0;322;236;495;31
$1;1;;12250;4141;18;0;0;0;0;0;0;0;0;325;236;495;25
$1;1;;12250;4141;17;0;0;0;0;0;0;0;0;322;236;495;17
$1;1;;12250;4149;17;0;0;0;0;0;0;0;0;325;236;495;30
$1;1;;12250;4141;18;0;0;0;0;0;0;0;0;325;236;495;25
$1;1;;12250;4141;18;0;0;0;0;0;0;0;0;322;236;495;30
$1;1;;12250;4149;17;0;0;0;0;0;0;0;0;325;236;495;30
$1;1;;12250;4149;17;0;0;0;0;0;0;0;0;325;236;495;30
$1;1;;12250;4141;18;0;0;0;0;0;0;0;0;325;236;495;25
$1;1;;12250;4141;18;0;0;0;0;0;0;0;0;322;236;496;29
$1;1;;12250;4141;18;0;0;0;0;0;0;0;0;322;236;496;29
$1;1;;12250;4141;18;0;0;0;0;0;0;0;0;325;236;496;26
$1;1;;12250;4141;18;0;0;0;0;0;0;0;0;325;236;496;26
$1;1;;12250;4141;18;0;0;0;0;0;0;0;0;322;236;496;29
$1;1;;12250;4141;18;0;0;0;0;0;0;0;0;325;236;496;26
$1;1;;12250;4141;17;0;0;0;0;0;0;0;0;322;236;496;18
$1;1;;12250;4141;18;0;0;0;0;0;0;0;0;325;236;496;26
$1;1;;12250;4149;17;0;0;0;0;0;0;0;0;325;236;496;29
$1;1;;12250;4141;17;0;0;0;0;0;0;0;0;327;236;496;23
$1;1;;12250;4141;18;0;0;0;0;0;0;0;0;322;236;497;28
$1;1;;12250;4141;17;0;0;0;0;0;0;0;0;325;236;497;20
$1;1;;12250;4141;17;0;0;0;0;0;0;0;0;322;236;497;19
$1;1;;12250;4141;17;0;0;0;0;0;0;0;0;325;236;497;20
$1;1;;12250;4141;17;0;0;0;0;0;0;0;0;325;236;497;20
$1;1;;12250;4141;18;0;0;0;0;0;0;0;0;325;236;497;27
$1;1;;12250;4141;17;0;0;0;0;0;0;0;0;325;236;497;20
$1;1;;12250;4141;16;0;0;0;0;0;0;0;0;325;236;497;21
$1;1;;12250;4141;17;0;0;0;0;0;0;0;0;325;236;497;20
$1;1;;12250;4141;16;0;0;0;0;0;0;0;0;325;236;497;21
$1;1;;12250;4149;16;0;0;0;0;0;0;0;0;327;236;497;31
$1;1;;12250;4141;17;0;0;0;0;0;0;0;0;325;236;498;27
$1;1;;12250;4141;17;0;0;0;0;0;0;0;0;325;236;498;27
$1;1;;12250;4152;17;0;0;0;0;0;0;0;0;325;236;498;25
$1;1;;12250;4141;17;0;0;0;0;0;0;0;0;325;236;498;27
$1;1;;12250;4141;17;0;0;0;0;0;0;0;0;325;236;498;27
$1;1;;12250;4141;17;0;0;0;0;0;0;0;0;325;236;498;27
$1;1;;12250;4141;17;0;0;0;0;0;0;0;0;327;236;498;25
$1;1;;12250;4149;16;0;0;0;0;0;0;0;0;325;236;498;18
$1;1;;12250;4148;15;0;0;0;0;0;0;0;0;325;236;498;16
$1;1;;12250;4140;15;0;0;0;0;0;0;0;0;325;236;498;24
$1;1;;12250;4141;15;0;0;0;0;0;0;0;0;325;236;499;24
$1;1;;12250;4141;17;0;0;0;0;0;0;0;0;325;236;499;26
$1;1;;12250;4141;17;0;0;0;0;0;0;0;0;325;237;499;27
$1;1;;12250;4151;16;0;0;0;0;0;0;0;0;327;237;499;25
$1;1;;12250;4141;15;0;0;0;0;0;0;0;0;325;238;499;22
$1;1;;12250;4149;16;0;0;0;0;0;0;0;0;327;238;499;31
$1;1;;12250;4141;16;0;0;0;0;0;0;0;0;325;238;499;21
$1;1;;12250;4141;17;0;0;0;0;0;0;0;0;325;239;499;21
$1;1;;12250;4141;16;0;0;0;0;0;0;0;0;325;238;499;21
$1;1;;12250;4141;16;0;0;0;0;0;0;0;0;325;238;499;21
$1;1;;12250;4151;16;0;0;0;0;0;0;0;0;325;239;499;21
$1;1;;12250;4151;16;0;0;0;0;0;0;0;0;325;239;500;20
$1;1;;12250;4141;16;0;0;0;0;0;0;0;0;325;239;500;21
$1;1;;12250;4141;16;0;0;0;0;0;0;0;0;327;239;500;23
$1;1;;12250;4141;14;0;0;0;0;0;0;0;0;325;239;500;23
$1;1;;12250;4141;16;0;0;0;0;0;0;0;0;325;239;500;21
$1;1;;12250;4141;15;0;0;0;0;0;0;0;0;325;239;500;22
$1;1;;12250;4149;14;0;0;0;0;0;0;0;0;327;239;500;29
$1;1;;12250;4149;15;0;0;0;0;0;0;0;0;325;239;500;30
$1;1;;12250;4141;15;0;0;0;0;0;0;0;0;325;239;500;22
$1;1;;12250;4141;16;0;0;0;0;0;0;0;0;325;239;500;21
$1;1;;12250;4141;16;0;0;0;0;0;0;0;0;325;239;500;21
$1;1;;12250;4149;15;0;0;0;0;0;0;0;0;325;239;501;31
$1;1;;12250;4141;16;0;0;0;0;0;0;0;0;325;239;501;20
$1;1;;12250;4141;16;0;0;0;0;0;0;0;0;325;239;501;20
$1;1;;12250;4141;16;0;0;0;0;0;0;0;0;327;239;501;22
$1;1;;12250;4141;16;0;0;0;0;0;0;0;0;325;239;501;20
$1;1;;12250;4141;16;0;0;0;0;0;0;0;0;325;239;501;20
$1;1;;12250;4141;16;0;0;0;0;0;0;0;0;325;239;501;20
$1;1;;12250;4141;16;0;0;0;0;0;0;0;0;325;239;501;20
$1;1;;12250;4141;16;0;0;0;0;0;0;0;0;325;239;501;20
$1;1;;12250;4151;15;0;0;0;0;0;0;0;0;327;239;501;20
$1;1;;12250;4141;16;0;0;0;0;0;0;0;0;325;239;501;20
$1;1;;12250;4141;14;0;0;0;0;0;0;0;0;325;239;501;22
$1;1;;12250;4141;15;0;0;0;0;0;0;0;0;327;239;502;22
$1;1;;12250;4141;14;0;0;0;0;0;0;0;0;327;239;502;23
$1;1;;12250;4141;15;0;0;0;0;0;0;0;0;325;239;502;20
$1;1;;12250;4140;9;0;0;0;0;0;0;0;0;325;239;502;40
$1;1;;12250;4141;15;0;0;0;0;0;0;0;0;325;239;502;20
$1;1;;12250;4141;13;0;0;0;0;0;0;0;0;325;239;502;18
$1;1;;12250;4148;12;0;0;0;0;0;0;0;0;327;239;502;24
$1;1;;12250;4141;15;0;0;0;0;0;0;0;0;327;239;502;22
$1;1;;12250;4141;12;0;0;0;0;0;0;0;0;327;239;502;17
$1;1;;12250;4141;15;0;0;0;0;0;0;0;0;325;239;502;20
$1;1;;12250;4141;14;0;0;0;0;0;0;0;0;325;238;502;20
$1;1;;12250;4141;14;0;0;0;0;0;0;0;0;325;238;502;20
$1;1;;12250;4152;13;0;0;0;0;0;0;0;0;325;238;503;16
$1;1;;12250;4141;14;0;0;0;0;0;0;0;0;325;238;503;21
$1;1;;12250;4141;13;0;0;0;0;0;0;0;0;325;238;503;18
$1;1;;12250;4149;10;0;0;0;0;0;0;0;0;325;238;503;25
$1;1;;12250;4141;11;0;0;0;0;0;0;0;0;325;238;503;16
$1;1;;12250;4140;12;0;0;0;0;0;0;0;0;327;239;503;17
$1;6;;12250;4138;0;0;0;0;0;0;0;0;0;327;239;503;42
$1;6;;12250;4130;0;0;0;0;0;0;0;0;0;327;239;503;34
$1;6;;12250;4130;0;0;0;0;0;0;0;0;0;327;239;503;34
$1;6;;12250;4129;0;0;0;0;0;0;0;0;0;327;239;503;42
$1;6;;12250;4126;0;0;0;0;0;0;0;0;0;327;239;503;37
$1;6;;12250;4125;0;0;0;0;0;0;0;0;0;327;239;503;38
$1;6;;12250;4126;0;0;0;0;0;0;0;0;0;327;239;503;37
$1;6;;12250;4123;0;0;0;0;0;0;0;0;0;327;239;503;32
$1;6;;12250;4130;0;0;0;0;0;0;0;0;0;327;239;503;34
$1;6;;12250;4127;0;0;0;0;0;0;0;0;0;327;240;503;42
$1;6;;12250;4129;0;0;0;0;0;0;0;0;0;327;240;503;36
$1;6;;12250;4119;0;0;0;0;0;0;0;0;0;327;241;503;38
$1;6;;12250;4122;0;0;0;0;0;0;0;0;0;327;240;503;47
$1;6;;12250;4123;0;0;0;0;0;0;0;0;0;325;241;503;45
$1;6;;12250;4125;0;0;0;0;0;0;0;0;0;327;240;503;40
$1;6;;12250;4122;0;0;0;0;0;0;0;0;0;325;241;503;44
$1;6;;12250;4120;0;0;0;0;0;0;0;0;0;325;241;503;46
$1;6;;12250;4120;0;0;0;0;0;0;0;0;0;325;241;503;46
$1;6;;12250;4122;0;0;0;0;0;0;0;0;0;325;241;503;44
$1;6;;12250;4119;0;0;0;0;0;0;0;0;0;325;241;503;36
$1;6;;12250;4125;0;0;0;0;0;0;0;0;0;325;241;503;43
$1;6;;12250;4119;0;0;0;0;0;0;0;0;0;325;241;503;36
$1;6;;12250;4119;0;0;0;0;0;0;0;0;0;325;241;503;36
$1;6;;12250;4129;0;0;0;0;0;0;0;0;0;325;241;503;39
$1;6;;12250;4122;0;0;0;0;0;0;0;0;0;325;241;503;44
$1;6;;12250;4126;0;0;0;0;0;0;0;0;0;325;240;503;41
$1;6;;12250;4119;0;0;0;0;0;0;0;0;0;322;241;503;35
$1;6;;12250;4119;0;0;0;0;0;0;0;0;0;322;241;503;35
$1;6;;12250;4119;0;0;0;0;0;0;0;0;0;322;241;503;35
$1;6;;12250;4119;0;0;0;0;0;0;0;0;0;322;241;503;35
$1;6;;12250;4119;0;0;0;0;0;0;0;0;0;320;241;503;33
$1;6;;12250;4119;0;0;0;0;0;0;0;0;0;322;241;503;35
$1;6;;12250;4119;0;0;0;0;0;0;0;0;0;320;241;503;33
$1;6;;12250;4119;0;0;0;0;0;0;0;0;0;322;241;503;35
$1;6;;12250;4119;0;0;0;0;0;0;0;0;0;320;241;503;33
$1;6;;12250;4119;0;0;0;0;0;0;0;0;0;320;241;503;33
$1;6;;12250;4119;0;0;0;0;0;0;0;0;0;322;241;503;35
$1;6;;12250;4123;0;0;0;0;0;0;0;0;0;320;241;503;40
$1;6;;12250;4119;0;0;0;0;0;0;0;0;0;320;241;503;33
$1;6;;12250;4119;0;0;0;0;0;0;0;0;0;320;241;503;33
$1;6;;12250;4127;0;0;0;0;0;0;0;0;0;317;241;503;40
$1;6;;12250;4119;0;0;0;0;0;0;0;0;0;317;241;503;37
$1;6;;12250;4119;0;0;0;0;0;0;0;0;0;317;241;503;37
$1;6;;12250;4119;0;0;0;0;0;0;0;0;0;317;241;503;37
$1;6;;12250;4119;0;0;0;0;0;0;0;0;0;317;241;503;37
$1;6;;12250;4119;0;0;0;0;0;0;0;0;0;317;242;503;38
$1;6;;12250;4119;0;0;0;0;0;0;0;0;0;317;242;503;38
$1;6;;12250;4119;0;0;0;0;0;0;0;0;0;320;242;503;34
$1;6;;12250;4119;0;0;0;0;0;0;0;0;0;317;242;503;38
$1;6;;12250;4119;0;0;0;0;0;0;0;0;0;317;242;503;38
$1;6;;12250;4127;0;0;0;0;0;0;0;0;0;317;242;503;43
$1;6;;12250;4119;0;0;0;0;0;0;0;0;0;317;242;503;38
$1;6;;12250;4119;0;0;0;0;0;0;0;0;0;317;242;503;38
$1;6;;12250;4119;0;0;0;0;0;0;0;0;0;317;242;503;38
$1;6;;12250;4119;0;0;0;0;0;0;0;0;0;317;242;503;38
$1;6;;12250;4119;0;0;0;0;0;0;0;0;0;317;242;503;38
$1;6;;12250;4119;0;0;0;0;0;0;0;0;0;317;242;503;38
$1;6;;12250;4126;0;0;0;0;0;0;0;0;0;317;242;503;42
$1;6;;12250;4119;0;0;0;0;0;0;0;0;0;317;242;503;38
$1;6;;12250;4119;0;0;0;0;0;0;0;0;0;317;243;503;39
$1;6;;12250;4119;0;0;0;0;0;0;0;0;0;317;243;503;39
$1;6;;12250;4119;0;0;0;0;0;0;0;0;0;317;243;503;39
$1;6;;12250;4119;0;0;0;0;0;0;0;0;0;317;243;503;39
$1;6;;12250;4119;0;0;0;0;0;0;0;0;0;317;242;503;38
$1;6;;12250;4119;0;0;0;0;0;0;0;0;0;317;242;503;38
$1;6;;12250;4127;0;0;0;0;0;0;0;0;0;317;242;503;43
$1;6;;12250;4119;0;0;0;0;0;0;0;0;0;317;242;503;38
$1;6;;12250;4129;0;0;0;0;0;0;0;0;0;317;241;503;38
$1;6;;12250;4119;0;0;0;0;0;0;0;0;0;317;241;503;37
$1;6;;12250;4119;0;0;0;0;0;0;0;0;0;317;241;503;37
$1;6;;12250;4129;0;0;0;0;0;0;0;0;0;317;241;503;38
$1;6;;12250;4119;0;0;0;0;0;0;0;0;0;317;241;503;37
$1;6;;12250;4119;0;0;0;0;0;0;0;0;0;317;241;503;37
$1;6;;12250;4129;0;0;0;0;0;0;0;0;0;317;241;503;38
$1;6;;12250;4119;0;0;0;0;0;0;0;0;0;317;241;503;37
$1;6;;12250;4119;0;0;0;0;0;0;0;0;0;317;242;503;38
$1;6;;12250;4119;0;0;0;0;0;0;0;0;0;317;242;503;38
$1;6;;12250;4127;0;0;0;0;0;0;0;0;0;317;242;503;43
$1;6;;12250;4119;0;0;0;0;0;0;0;0;0;317;241;503;37
$1;6;;12250;4119;0;0;0;0;0;0;0;0;0;317;241;503;37
$1;6;;12250;4119;0;0;0;0;0;0;0;0;0;317;241;503;37
$1;6;;12250;4119;0;0;0;0;0;0;0;0;0;317;241;503;37
$1;6;;12250;4119;0;0;0;0;0;0;0;0;0;317;242;503;38
$1;6;;12250;4119;0;0;0;0;0;0;0;0;0;317;241;503;37
$1;6;;12250;4119;0;0;0;0;0;0;0;0;0;317;242;503;38
$1;6;;12250;4129;0;0;0;0;0;0;0;0;0;317;242;503;37
$1;6;;12250;4125;0;0;0;0;0;0;0;0;0;317;242;503;41
$1;6;;12250;4119;0;0;0;0;0;0;0;0;0;317;243;503;39
$1;6;;12250;4119;0;0;0;0;0;0;0;0;0;317;242;503;38
$1;6;;12250;4119;0;0;0;0;0;0;0;0;0;317;243;503;39
$1;6;;12250;4119;0;0;0;0;0;0;0;0;0;317;243;503;39
$1;6;;12250;4119;0;0;0;0;0;0;0;0;0;317;243;503;39
$1;6;;12250;4119;0;0;0;0;0;0;0;0;0;317;243;503;39
$1;6;;12250;4119;0;0;0;0;0;0;0;0;0;317;243;503;39
$1;6;;12250;4119;0;0;0;0;0;0;0;0;0;317;243;503;39
$1;6;;12250;4119;0;0;0;0;0;0;0;0;0;317;243;503;39
$1;6;;12250;4119;0;0;0;0;0;0;0;0;0;315;243;503;37
$1;6;;12250;4119;0;0;0;0;0;0;0;0;0;315;243;503;37
$1;6;;12250;4119;0;0;0;0;0;0;0;0;0;317;243;503;39
$1;6;;12258;4119;0;0;0;0;0;0;0;0;0;317;243;503;47
$1;6;;12250;4119;0;0;0;0;0;0;0;0;0;317;243;503;39
$1;6;;12250;4119;0;0;0;0;0;0;0;0;0;317;243;503;39
$1;6;;12258;4119;0;0;0;0;0;0;0;0;0;317;243;503;47
